R_fighter,B_fighter,date,finish,finish_details
Kamaru Usman,Jorge Masvidal,7/11/2020,U-DEC,
Alexander Volkanovski,Max Holloway,7/11/2020,S-DEC,
Petr Yan,Jose Aldo,7/11/2020,KO/TKO,Punches
Jessica Andrade,Rose Namajunas,7/11/2020,S-DEC,
Amanda Ribas,Paige VanZant,7/11/2020,SUB,Armbar
Volkan Oezdemir,Jiri Prochazka,7/11/2020,KO/TKO,Punch
Elizeu Zaleski dos Santos,Muslim Salikhov,7/11/2020,S-DEC,
Makwan Amirkhani,Danny Henry,7/11/2020,SUB,Anaconda Choke
Leonardo Santos,Roman Bogatov,7/11/2020,U-DEC,
Marcin Tybura,Maxim Grishin,7/11/2020,U-DEC,
Raulian Paiva,Zhalgas Zhamagulov,7/11/2020,,
Karol Rosa,Vanessa Melo,7/11/2020,U-DEC,
Martin Day,Davey Grant,7/11/2020,KO/TKO,Punch
Dustin Poirier,Dan Hooker,6/27/2020,U-DEC,
Mike Perry,Mickey Gall,6/27/2020,U-DEC,
Brendan Allen,Kyle Daukaus,6/27/2020,U-DEC,
Gian Villante,Maurice Greene,6/27/2020,SUB,Arm Triangle
Luis Pena,Khama Worthy,6/27/2020,SUB,Guillotine Choke
Mara Romero Borella,Miranda Maverick,6/27/2020,,
Philipe Lins,Tanner Boser,6/27/2020,KO/TKO,Punches
Sean Woodson,Julian Erosa,6/27/2020,SUB,D'Arce Choke
Takashi Sato,Jason Witt,6/27/2020,KO/TKO,Punches
Kay Hansen,Jinh Yu Frey,6/27/2020,SUB,Armbar
Jordan Griffin,Youssef Zalal,6/27/2020,U-DEC,
Curtis Blaydes,Alexander Volkov,6/20/2020,U-DEC,
Josh Emmett,Shane Burgos,6/20/2020,U-DEC,
Raquel Pennington,Marion Reneau,6/20/2020,U-DEC,
Belal Muhammad,Lyman Good,6/20/2020,U-DEC,
Jim Miller,Roosevelt Roberts,6/20/2020,SUB,Armbar
Clay Guida,Bobby Green,6/20/2020,U-DEC,
Tecia Torres,Brianna Van Buren,6/20/2020,U-DEC,
Marc-Andre Barriault,Oskar Piechota,6/20/2020,KO/TKO,Punches
Cortney Casey,Gillian Robertson,6/20/2020,SUB,Rear Naked Choke
Frank Camacho,Justin Jaynes,6/20/2020,KO/TKO,Punches
Roxanne Modafferi,Lauren Murphy,6/20/2020,U-DEC,
Austin Hubbard,Max Rohskopf,6/20/2020,KO/TKO,
Jessica Eye,Cynthia Calvillo,6/13/2020,U-DEC,
Karl Roberson,Marvin Vettori,6/13/2020,SUB,Rear Naked Choke
Charles Rosa,Kevin Aguilar,6/13/2020,S-DEC,
Andre Fili,Charles Jourdain,6/13/2020,S-DEC,
Jordan Espinosa,Mark De La Rosa,6/13/2020,U-DEC,
Mariya Agapova,Hannah Cifers,6/13/2020,SUB,Rear Naked Choke
Merab Dvalishvili,Gustavo Lopez,6/13/2020,U-DEC,
Julia Avila,Gina Mazany,6/13/2020,KO/TKO,Punches
Tyson Nam,Zarrukh Adashev,6/13/2020,KO/TKO,Punch
Anthony Ivy,Christian Aguilera,6/13/2020,KO/TKO,Punches
Amanda Nunes,Felicia Spencer,6/6/2020,U-DEC,
Raphael Assuncao,Cody Garbrandt,6/6/2020,KO/TKO,Punch
Aljamain Sterling,Cory Sandhagen,6/6/2020,SUB,Rear Naked Choke
Neil Magny,Anthony Rocco Martin,6/6/2020,U-DEC,
Eddie Wineland,Sean O'Malley,6/6/2020,KO/TKO,Punch
Alex Caceres,Chase Hooper,6/6/2020,U-DEC,
Ian Heinisch,Gerald Meerschaert,6/6/2020,KO/TKO,Punch
Cody Stamann,Brian Kelleher,6/6/2020,U-DEC,
Charles Byrd,Maki Pitolo,6/6/2020,KO/TKO,Punches
Jussier Formiga,Alex Perez,6/6/2020,KO/TKO,Kick
Alonzo Menifield,Devin Clark,6/6/2020,U-DEC,
Evan Dunham,Herbert Burns,6/6/2020,SUB,Rear Naked Choke
Tyron Woodley,Gilbert Burns,5/30/2020,U-DEC,
Blagoy Ivanov,Augusto Sakai,5/30/2020,S-DEC,
Billy Quarantillo,Spike Carlyle,5/30/2020,U-DEC,
Roosevelt Roberts,Brok Weaver,5/30/2020,SUB,Rear Naked Choke
Mackenzie Dern,Hannah Cifers,5/30/2020,SUB,Kneebar
Katlyn Chookagian,Antonina Shevchenko,5/30/2020,U-DEC,
Daniel Rodriguez,Gabe Green,5/30/2020,U-DEC,
Jamahal Hill,Klidson Abreu,5/30/2020,KO/TKO,Knee
Tim Elliott,Brandon Royval,5/30/2020,SUB,Arm Triangle
Louis Smolka,Casey Kenney,5/30/2020,SUB,Guillotine Choke
Chris Gutierrez,Vince Morales,5/30/2020,KO/TKO,Kick
Alistair Overeem,Walt Harris,5/16/2020,KO/TKO,Punches
Claudia Gadelha,Angela Hill,5/16/2020,S-DEC,
Dan Ige,Edson Barboza,5/16/2020,S-DEC,
Krzysztof Jotko,Eryk Anders,5/16/2020,U-DEC,
Song Yadong,Marlon Vera,5/16/2020,U-DEC,
Miguel Baeza,Matt Brown,5/16/2020,KO/TKO,Punch
Kevin Holland,Anthony Hernandez,5/16/2020,KO/TKO,Knees
Giga Chikadze,Irwin Rivera,5/16/2020,U-DEC,
Nate Landwehr,Darren Elkins,5/16/2020,U-DEC,
Cortney Casey,Mara Romero Borella,5/16/2020,SUB,Armbar
Rodrigo Nascimento,Don'Tale Mayes,5/16/2020,SUB,Rear Naked Choke
Anthony Smith,Glover Teixeira,5/13/2020,KO/TKO,Punches
Ben Rothwell,Ovince Saint Preux,5/13/2020,S-DEC,
Alexander Hernandez,Drew Dober,5/13/2020,KO/TKO,Punches
Ricky Simon,Ray Borg,5/13/2020,S-DEC,
Andrei Arlovski,Philipe Lins,5/13/2020,U-DEC,
Michael Johnson,Thiago Moises,5/13/2020,SUB,Ankle Lock
Sijara Eubanks,Sarah Moras,5/13/2020,U-DEC,
Gabriel Benitez,Omar Morales,5/13/2020,U-DEC,
Hunter Azure,Brian Kelleher,5/13/2020,KO/TKO,Punch
Chase Sherman,Ike Villanueva,5/13/2020,KO/TKO,Elbow
Vicente Luque,Niko Price,5/9/2020,KO/TKO,Punches
Bryce Mitchell,Charles Rosa,5/9/2020,U-DEC,
Ryan Spann,Sam Alvey,5/9/2020,S-DEC,
Anthony Pettis,Donald Cerrone,5/9/2020,U-DEC,
Aleksei Oleinik,Fabricio Werdum,5/9/2020,S-DEC,
Carla Esparza,Michelle Waterson,5/9/2020,S-DEC,
Uriah Hall,Jacare Souza,5/9/2020,,
Tony Ferguson,Justin Gaethje,5/9/2020,KO/TKO,Punch
Henry Cejudo,Dominick Cruz,5/9/2020,KO/TKO,Knee
Francis Ngannou,Jairzinho Rozenstruik,5/9/2020,KO/TKO,Punch
Jeremy Stephens,Calvin Kattar,5/9/2020,KO/TKO,Elbow
Greg Hardy,Yorgan De Castro,5/9/2020,U-DEC,
Kevin Lee,Charles Oliveira,3/14/2020,SUB,Guillotine Choke
Demian Maia,Gilbert Burns,3/14/2020,KO/TKO,Punch
Renato Moicano,Damir Hadzovic,3/14/2020,SUB,Rear Naked Choke
Johnny Walker,Nikita Krylov,3/14/2020,U-DEC,
Francisco Trinaldo,John Makdessi,3/14/2020,U-DEC,
Jussier Formiga,Brandon Moreno,3/14/2020,U-DEC,
Amanda Ribas,Randa Markos,3/14/2020,U-DEC,
Elizeu Dos Santos,Aleksei Kunchenko,3/14/2020,,
Mayra Bueno Silva,Maryna Moroz,3/14/2020,U-DEC,
Bruno Silva,David Dvorak,3/14/2020,U-DEC,
Veronica Macedo,Bea Malecki,3/14/2020,U-DEC,
Israel Adesanya,Yoel Romero,3/7/2020,U-DEC,
Weili Zhang,Joanna Jedrzejczyk,3/7/2020,S-DEC,
Beneil Dariush,Drakkar Klose,3/7/2020,KO/TKO,Punch
Neil Magny,Li Jingliang,3/7/2020,,
Alex Oliveira,Max Griffin,3/7/2020,S-DEC,
Sean O'Malley,Jose Quinonez,3/7/2020,KO/TKO,Punches
Mark Madsen,Austin Hubbard,3/7/2020,U-DEC,
Rodolfo Vieira,Saparbeg Safarov,3/7/2020,SUB,Arm Triangle
Gerald Meerschaert,Deron Winn,3/7/2020,SUB,Rear Naked Choke
Jamall Emmers,Giga Chikadze,3/7/2020,S-DEC,
Danaa Batgerel,Guido Cannetti,3/7/2020,KO/TKO,Punch
Joseph Benavidez,Deiveson Figueiredo,2/29/2020,KO/TKO,Punch
Felicia Spencer,Zarah Fairn,2/29/2020,KO/TKO,Punches
Ion Cutelaba,Magomed Ankalaev,2/29/2020,KO/TKO,Punches
Megan Anderson,Norma Dumont,2/29/2020,KO/TKO,Punch
Grant Dawson,Darrick Minner,2/29/2020,SUB,Rear Naked Choke
Gabriel Silva,Kyler Phillips,2/29/2020,U-DEC,
Brendan Allen,Tom Breese,2/29/2020,KO/TKO,Punches
Luis Pena,Steve Garcia,2/29/2020,U-DEC,
Marcin Tybura,Serghei Spivac,2/29/2020,U-DEC,
Jordan Griffin,TJ Brown,2/29/2020,SUB,Guillotine Choke
Aalon Cruz,Spike Carlyle,2/29/2020,KO/TKO,Punches
Sean Brady,Ismail Naurdiev,2/29/2020,U-DEC,
Paul Felder,Dan Hooker,2/22/2020,S-DEC,
Jim Crute,Michal Oleksiejczuk,2/22/2020,,
Karolina Kowalkiewicz,Yan Xiaonan,2/22/2020,,
Ben Sosoli,Marcos Rogerio De Lima,2/22/2020,,
Brad Riddell,Magomed Mustafaev,2/22/2020,S-DEC,
Kevin Aguilar,Zubaira Tukhugov,2/22/2020,KO/TKO,Punches
Jalin Turner,Joshua Culibao,2/22/2020,,
Jake Matthews,Emil Meek,2/22/2020,U-DEC,
Callan Potter,Song Kenan,2/22/2020,,
Kai Kara France,Tyson Nam,2/22/2020,,
Loma Lookboonmee,Angela Hill,2/22/2020,U-DEC,
Priscila Cachoeira,Shana Dobson,2/22/2020,KO/TKO,Punch
Francis Ngannou,Junior Dos Santos,6/29/2019,KO/TKO,Punch
Jussier Formiga,Joseph Benavidez,6/29/2019,KO/TKO,Punches
Demian Maia,Rocco Martin,6/29/2019,,
Roosevelt Roberts,Vinc Pichel,6/29/2019,U-DEC,
Drew Dober,Marco Polo Reyes,6/29/2019,KO/TKO,Punches
Alonzo Menifield,Paul Craig,6/29/2019,KO/TKO,Punch
Ricardo Ramos,Journey Newson,6/29/2019,U-DEC,
Eryk Anders,Vinicius Moreira,6/29/2019,KO/TKO,Punch
Jared Gordon,Dan Moret,6/29/2019,U-DEC,
Dalcha Lungiambula,Dequan Townsend,6/29/2019,KO/TKO,Punch
Emily Whitmire,Amanda Ribas,6/29/2019,SUB,Rear Naked Choke
Maurice Greene,Junior Albini,6/29/2019,KO/TKO,Punch
Renato Moicano,Chan Sung Jung,6/22/2019,KO/TKO,Punch
Bryan Barberena,Randy Brown,6/22/2019,KO/TKO,Kick
Andre Ewell,Anderson Dos Santos,6/22/2019,U-DEC,
Andrea Lee,Montana De La Rosa,6/22/2019,U-DEC,
Kevin Holland,Alessio Di Chirico,6/22/2019,U-DEC,
Dan Ige,Kevin Aguilar,6/22/2019,U-DEC,
Ashley Yoder,Syuri Kondo,6/22/2019,U-DEC,
Matt Wiman,Luis Pena,6/22/2019,KO/TKO,Punches
Allen Crowder,Jairzinho Rozenstruik,6/22/2019,KO/TKO,Punches
Ariane Lipski,Molly McCann,6/22/2019,U-DEC,
Deron Winn,Eric Spicely,6/22/2019,U-DEC,
Jon Jones,Thiago Santos,7/6/2019,S-DEC,
Amanda Nunes,Holly Holm,7/6/2019,KO/TKO,Kick
Jorge Masvidal,Ben Askren,7/6/2019,KO/TKO,Flying Knee
Jan Blachowicz,Luke Rockhold,7/6/2019,KO/TKO,Punch
Diego Sanchez,Michael Chiesa,7/6/2019,U-DEC,
Gilbert Melendez,Arnold Allen,7/6/2019,U-DEC,
Marlon Vera,Nohelin Hernandez,7/6/2019,SUB,Rear Naked Choke
Caludia Gadelha,Randa Markos,7/6/2019,,
Alejandro Perez,Song Yadong,7/6/2019,KO/TKO,Punch
Edmen Shahbazyan,Jack Marshman,7/6/2019,SUB,Rear Naked Choke
Ismail Naurdiev,Chance Rencountre,7/6/2019,U-DEC,
Julia Avila,Pannie Kianzad,7/6/2019,U-DEC,
Corey Anderson,Jan Blachowicz,2/15/2020,KO/TKO,Punch
Diego Sanchez,Michel Pereira,2/15/2020,DQ,
Montana De La Rosa,Mara Romero Borella,2/15/2020,U-DEC,
Brok Weaver,Kazula Vargas,2/15/2020,DQ,
Rogerio Bontorin,Ray Borg,2/15/2020,U-DEC,
Lando Vannata,Yancy Medeiros,2/15/2020,U-DEC,
Tim Means,Daniel Rodriguez,2/15/2020,SUB,Guillotine Choke
John Dodson,Nathaniel Wood,2/15/2020,KO/TKO,Punch
Jim Miller,Scott Holtzman,2/15/2020,U-DEC,
Devin Clark,Dequan Townsend,2/15/2020,U-DEC,
Casey Kenney,Merab Dvalishvili,2/15/2020,U-DEC,
Macy Chiasson,Shanna Young,2/15/2020,U-DEC,
Mark De La Rosa,Raulian Paiva,2/15/2020,KO/TKO,Punch
Germaine De Randamie,Aspen Ladd,7/13/2019,,
Urijah Faber,Ricky Simon,7/13/2019,KO/TKO,Punch
Josh Emmett,Mirsad Bektic,7/13/2019,KO/TKO,Punches
Karl Roberson,Wellington Turman,7/13/2019,S-DEC,
Marvin Vettori,Cezar Ferreira,7/13/2019,U-DEC,
Andre Fili,Sheymon Moraes,7/13/2019,KO/TKO,Punch
Julianna Pena,Nicco Montano,7/13/2019,U-DEC,
Darren Elkins,Ryan Hall,7/13/2019,U-DEC,
Liu Pingyuan,Jonathan Martinez,7/13/2019,KO/TKO,Knee
Livinha Souza,Brianna Van Buren,7/13/2019,U-DEC,
Benito Lopez,Vince Morales,7/13/2019,U-DEC,
Rafael Dos Anjos,Leon Edwards,7/20/2019,U-DEC,
Aleksei Oleinik,Walt Harris,7/20/2019,KO/TKO,Punch
Greg Hardy,Juan Adams,7/20/2019,KO/TKO,Punches
James Vick,Dan Hooker,7/20/2019,KO/TKO,Punch
Alexander Hernandez,Francisco Trinaldo,7/20/2019,U-DEC,
Andrei Arlovski,Ben Rothwell,7/20/2019,U-DEC,
Alex Caceres,Steven Peterson,7/20/2019,U-DEC,
Raquel Pennington,Irene Aldana,7/20/2019,S-DEC,
Sam Alvey,Klidson Abreu,7/20/2019,U-DEC,
Roxanne Modafferi,Jennifer Maia,7/20/2019,U-DEC,
Ray Borg,Gabriel Silva,7/20/2019,U-DEC,
Mario Bautista,Jin Soo Son,7/20/2019,U-DEC,
Domingo Pilarte,Felipe Colares,7/20/2019,S-DEC,
Max Holloway,Frankie Edgar,7/27/2019,U-DEC,
Cris Cyborg,Felicia Spencer,7/27/2019,,
Geoff Neal,Niko Price,7/27/2019,KO/TKO,Punches
Olivier Aubin-Mercier,Arman Tsarukyan,7/27/2019,U-DEC,
Marc-Andre Barriault,Krzystof Jotko,7/27/2019,,
Alexis Davis,Viviane Araujo,7/27/2019,U-DEC,
Hakeem Dawodu,Yoshinori Horie,7/27/2019,KO/TKO,Kick
Gavin Tucker,Seungwoo Choi,7/27/2019,,
Alexandre Pantoja,Deiveson Figueiredo,7/27/2019,U-DEC,
Gillian Robertson,Sarah Frota,7/27/2019,KO/TKO,Elbows
Erik Koch,Kyle Stewart,7/27/2019,U-DEC,
Colby Covington,Robbie Lawler,8/3/2019,U-DEC,
Jim Miller,Clay Guida,8/3/2019,SUB,Guillotine Choke
Joaquim Silva,Nasrat Haqparast,8/3/2019,KO/TKO,Punch
Trevin Giles,Gerald Meerschaert,8/3/2019,SUB,Guillotine Choke
Scott Holtzman,Dong Hyun Ma,8/3/2019,KO/TKO,
Darko Stosic,Kennedy Nzechukwu,8/3/2019,U-DEC,
Mickey Gall,Salim Touahri,8/3/2019,U-DEC,
Antonina Shevchenko,Lucie Pudilova,8/3/2019,SUB,Rear Naked Choke
Jordan Espinosa,Matt Schnell,8/3/2019,SUB,Triangle Choke
Lauren Murphy,Mara Romero Borella,8/3/2019,KO/TKO,Knee
Claudio Silva,Cole Williams,8/3/2019,SUB,Neck Crank
Miranda Granger,Hannah Goldy,8/3/2019,U-DEC,
Jon Jones,Dominick Reyes,2/8/2020,U-DEC,
Valentina Shevchenko,Katlyn Chookagian,2/8/2020,KO/TKO,Punches
Juan Adams,Justin Tafa,2/8/2020,KO/TKO,Punch
Mirsad Bektic,Dan Ige,2/8/2020,S-DEC,
Derrick Lewis,Ilir Latifi,2/8/2020,U-DEC,
Trevin Giles,James Krause,2/8/2020,S-DEC,
Alex Morono,Kalinn Williams,2/8/2020,,
Lauren Murphy,Andrea Lee,2/8/2020,S-DEC,
Miles Johns,Mario Bautista,2/8/2020,KO/TKO,Flying Knee
Domingo Pilarte,Journey Newson,2/8/2020,Overturned,Punch
Andre Ewell,Jonathan Martinez,2/8/2020,S-DEC,
Austin Lingo,Youssef Zalel,2/8/2020,,
Valentina Shevchenko,Liz Carmouche,8/10/2019,U-DEC,
Vincente Luque,Mike Perry,8/10/2019,,
Luiz Garagorri,Humberto Bandenay,8/10/2019,,
Volkan Oezdemir,Ilir Latifi,8/10/2019,KO/TKO,Punch
Rodolfo Vieira,Oskar Piechota,8/10/2019,SUB,Arm Triangle
Enrique Barzola,Bobby Moffett,8/10/2019,S-DEC,
Gilbert Burns,Aleksei Kunchenko,8/10/2019,U-DEC,
Ciryl Gane,Raphael Pessoa Nunes,8/10/2019,,
Tecia Torres,Marina Rodriguez,8/10/2019,U-DEC,
Rogerio Bontorin,Raulian Paiva,8/10/2019,KO/TKO,
Geraldo de Freitas,Chris Gutierrez,8/10/2019,S-DEC,
Kazula Vargas,Alex Da Silva,8/10/2019,U-DEC,
Veronica Macedo,Polyana Viana,8/10/2019,SUB,Armbar
Daniel Cormier,Stipe Miocic,8/17/2019,KO/TKO,Punches
Anthony Pettis,Nate Diaz,8/17/2019,U-DEC,
Yoel Romero,Paulo Costa,8/17/2019,U-DEC,
Gabriel Benitez,Sodiq Yusuff,8/17/2019,KO/TKO,Punch
Derek Brunson,Ian Heinisch,8/17/2019,U-DEC,
Devonte Smith,Khama Worthy,8/17/2019,KO/TKO,Punch
Raphael Assuncao,Cory Sandhagen,8/17/2019,U-DEC,
Christos Giagos,Drakkar Klose,8/17/2019,U-DEC,
Manny Bermudez,Casey Kenney,8/17/2019,U-DEC,
Hannah Cifers,Jodie Esquibel,8/17/2019,U-DEC,
Kyung Ho Kang,Brandon Davis,8/17/2019,S-DEC,
Sabina Mazo,Shana Dobson,8/17/2019,U-DEC,
Jessica Andrade,Zhang Weili,8/31/2019,,
Li Jingliang,Elizeu Dos Santos,8/31/2019,,
Kai Kara-France,Mark De La Rosa,8/31/2019,U-DEC,
Song Kenan,Derrick,8/31/2019,,
Wu Yanan,Mizuki Inoue,8/31/2019,,
Junyong Park,Anthony Hernandez,8/31/2019,SUB,Anaconda Choke
Su Mudaerji,Andre Soukhamthath,8/31/2019,U-DEC,
Da Un Jung,Khadis Ibragimov,8/31/2019,,
Damir Ismagulov,Thiago Moises,8/31/2019,U-DEC,
Heili Alateng,Danaa Batgerel,8/31/2019,U-DEC,
Karol Rosa,Lara Procopio,8/31/2019,S-DEC,
Khabib Nurmagomedov,Dustin Poirier,9/7/2019,SUB,Rear Naked Choke
Edson Barboza,Paul Felder,9/7/2019,S-DEC,
Islam Makhachev,Davi Ramos,9/7/2019,U-DEC,
Curtis Blaydes,Shamil Abdurakhimov,9/7/2019,KO/TKO,Elbow
Mairbek Taisumov,Diego Ferreira,9/7/2019,U-DEC,
Joanne Calderwood,Andrea Lee,9/7/2019,S-DEC,
Liana Jojua,Sarah Moras,9/7/2019,KO/TKO,Elbows
Ottman Azaitar,Teemu Packalen,9/7/2019,KO/TKO,Punch
Belal Muhammad,Takashi Sato,9/7/2019,SUB,Rear Naked Choke
Nordine Taleb,Muslim Salikhov,9/7/2019,KO/TKO,Punch
Omari Akhmedov,Zak Cummings,9/7/2019,U-DEC,
Don Madge,Fares Ziam,9/7/2019,U-DEC,
Donald Cerrone,Justin Gaethje,9/14/2019,KO/TKO,Punch
Glover Teixeira,Nikita Krylov,9/14/2019,S-DEC,
Michel Pereira,Tristan Connelly,9/14/2019,U-DEC,
Uriah Hall,Antonio Carlos Junior,9/14/2019,S-DEC,
Misha Cirkunov,Jimmy Crute,9/14/2019,SUB,Peruvian Necktie
Marcin Tybura,Augusto Sakai,9/14/2019,KO/TKO,Punches
Cole Smith,Miles Johns,9/14/2019,S-DEC,
Brad Katona,Hunter Azure,9/14/2019,U-DEC,
Chas Skelly,Jordan Griffin,9/14/2019,U-DEC,
Louis Smolka,Ryan MacDonald,9/14/2019,KO/TKO,Punch
Kyle Prepolec,Austin Hubbard,9/14/2019,U-DEC,
Carla Esparza,Alexa Grasso,9/21/2019,M-DEC,
Irene Aldana,Vanessa Melo,9/21/2019,U-DEC,
Martin Bravo,Steven Peterson,9/21/2019,KO/TKO,Spinning Back Fist
Jose Quinonez,Carlos Huachin,9/21/2019,U-DEC,
Marco Polo Reyes,Kyle Nelson,9/21/2019,KO/TKO,Punch
Ariane Carnelossi,Angela Hill,9/21/2019,KO/TKO,Elbow
Sergio Pettis,Tyson Nam,9/21/2019,U-DEC,
Vinicius Moreira,Paul Craig,9/21/2019,SUB,Rear Naked Choke
Sijara Eubanks,Bethe Correia,9/21/2019,U-DEC,
Caludio Puelles,Marcos Mariano,9/21/2019,,
Jack Hermansson,Jared Cannonier,9/28/2019,KO/TKO,Punch
Mark Madsen,Danilo Belluardo,9/28/2019,KO/TKO,Punches
Gunnar Nelson,Gilbert Burns,9/28/2019,U-DEC,
Ion Cutelaba,Khalil Rountree Jr.,9/28/2019,KO/TKO,Elbows
Michal Oleksiejczuk,Ovince Saint Preux,9/28/2019,SUB,Other - Choke
Nicolas Dalby,Alex Oliveira,9/28/2019,U-DEC,
Alen Amedovski,John Phillips,9/28/2019,KO/TKO,Punch
Alessio Di Chirico,Makhmud Muradov,9/28/2019,U-DEC,
Siyar Bahadurzada,Ismail Naurdiev,9/28/2019,U-DEC,
Brandon Davis,Giga Chikadze,9/28/2019,S-DEC,
Macy Chiasson,Lina Lansberg,9/28/2019,U-DEC,
Marc Diakiese,Lando Vannata,9/28/2019,U-DEC,
Jack Shore,Nohelin Hernandez,9/28/2019,SUB,Rear Naked Choke
Robert Whittaker,Israel Adesanya,10/5/2019,KO/TKO,Punch
Al Iaquinta,Dan Hooker,10/5/2019,U-DEC,
Tai Tuivasa,Serghei Spivac,10/5/2019,SUB,Arm Triangle
Luke Jumeau,Dhiego Lima,10/5/2019,S-DEC,
Justin Tafa,Yorgan De Castro,10/5/2019,KO/TKO,Punch
Jake Matthews,Rostem Akman,10/5/2019,U-DEC,
Callan Potter,Maki Pitolo,10/5/2019,U-DEC,
Brad Riddell,Jamie Mullarkey,10/5/2019,U-DEC,
Megan Anderson,Zarah Fairn,10/5/2019,SUB,Triangle Choke
Nadia Kassem,Ji Yeon Kim,10/5/2019,KO/TKO,Punch
Khalid Taha,Bruno Silva,10/5/2019,SUB,Arm Triangle
Curtis Blaydes,Junior Dos Santos,1/25/2020,KO/TKO,Punches
Rafael Dos Anjos,Michael Chiesa,1/25/2020,U-DEC,
Jordan Espinosa,Alex Perez,1/25/2020,SUB,Arm Triangle
Hannah Cifers,Angela Hill,1/25/2020,KO/TKO,Elbows
Jamahal Hill,Darko Stosic,1/25/2020,U-DEC,
Bevon Lewis,Dequan Townsend,1/25/2020,U-DEC,
Arnold Allen,Nik Lentz,1/25/2020,U-DEC,
Justine Kish,Luci Pudilova,1/25/2020,,
Montel Jackson,Felipe Colares,1/25/2020,U-DEC,
Sara McMann,Lina Lansberg,1/25/2020,U-DEC,
Brett Johns,Tony Gravely,1/25/2020,SUB,Rear Naked Choke
Herbert Burns,Nate Landwehr,1/25/2020,KO/TKO,Knee
Joanna Jedrzejczyk,Michelle Waterson,10/12/2019,U-DEC,
Cub Swanson,Kron Gracie,10/12/2019,U-DEC,
Niko Price,James Vick,10/12/2019,KO/TKO,Kick
Mackenzie Dern,Amanda Ribas,10/12/2019,U-DEC,
Matt Frevola,Luis Pena,10/12/2019,S-DEC,
Eryk Anders,Gerald Meerschaert,10/12/2019,S-DEC,
Ryan Spann,Devin Clark,10/12/2019,SUB,Guillotine Choke
Mike Davis,Thomas Gifford,10/12/2019,KO/TKO,Punch
Max Griffin,Alex Morono,10/12/2019,U-DEC,
Deiveson Figueiredo,Tim Elliott,10/12/2019,SUB,Guillotine Choke
Marlon Vera,Andre Ewell,10/12/2019,KO/TKO,Elbows
Miguel Baeza,Hector Aldana,10/12/2019,KO/TKO,Kick
Marvin Vettori,Andrew Sanchez,10/12/2019,U-DEC,
JJ Aldrich,Lauren Mueller,10/12/2019,U-DEC,
Yair Rodriguez,Jeremy Stephens,10/18/2019,U-DEC,
Dominick Reyes,Chris Weidman,10/18/2019,KO/TKO,Punches
Joe Lauzon,Jonathan Pearce,10/18/2019,KO/TKO,Punches
Maycee Barber,Gillian Robertson,10/18/2019,KO/TKO,Punches
Deron Winn,Darren Stewart,10/18/2019,S-DEC,
Charles Rosa,Manny Bermudez,10/18/2019,SUB,Armbar
Molly McCann,Diana Belbita,10/18/2019,U-DEC,
Kyle Bochniak,Sean Woodson,10/18/2019,U-DEC,
Randy Costa,Boston Salmon,10/18/2019,KO/TKO,Punch
Court McGee,Sean Brady,10/18/2019,U-DEC,
Brendan Allen,Kevin Holland,10/18/2019,SUB,Rear Naked Choke
Daniel Spitz,Tanner Boser,10/18/2019,U-DEC,
Demian Maia,Ben Askren,10/26/2019,SUB,Rear Naked Choke
Michael Johnson,Stevie Ray,10/26/2019,M-DEC,
Frank Camacho,Beneil Dariush,10/26/2019,SUB,Rear Naked Choke
Ciryl Gane,Don'tale Mayes,10/26/2019,,
Muslim Salikhov,Laureano Staropoli,10/26/2019,U-DEC,
Randa Markos,Ashley Yoder,10/26/2019,S-DEC,
Alex White,Rafael Fiziev,10/26/2019,U-DEC,
Enrique Barzola,Movsar Evloev,10/26/2019,U-DEC,
Maurice Greene,Sergei Pavlovich,10/26/2019,KO/TKO,Punches
Loma Lookboonmee,Alexandra Albu,10/26/2019,,
Raphael Pessoa Nunes,Jeff Hughes,10/26/2019,,
Conor McGregor,Donald Cerrone,1/18/2020,KO/TKO,Punches
Holly Holm,Raquel Pennington,1/18/2020,U-DEC,
Aleksei Oleinik,Maurice Greene,1/18/2020,SUB,Armbar
Anthony Pettis,Diego Ferreira,1/18/2020,SUB,Rear Naked Choke
Roxanne Modafferi,Maycee Barber,1/18/2020,U-DEC,
Andre Fili,Sodiq Yusuff,1/18/2020,U-DEC,
Drew Dober,Nasrat Haqparast,1/18/2020,KO/TKO,Punch
Aleksa Camur,Justin Ledet,1/18/2020,U-DEC,
Tim Elliott,Askar Askarov,1/18/2020,U-DEC,
Brian Kelleher,Ode Obsourne,1/18/2020,,
Sabina Mazo,JJ Aldrich,1/18/2020,S-DEC,
Jorge Masvidal,Nate Diaz,11/2/2019,KO/TKO,
Kelvin Gastelum,Darren Till,11/2/2019,S-DEC,
Stephen Thompson,Vicente Luque,11/2/2019,U-DEC,
Derrick Lewis,Blagoy Ivanov,11/2/2019,S-DEC,
Kevin Lee,Gregor Gillespie,11/2/2019,KO/TKO,Kick
Corey Anderson,Johnny Walker,11/2/2019,KO/TKO,Punches
Shane Burgos,Makwan Amirkhani,11/2/2019,KO/TKO,Punch
Brad Tavares,Edmen Shahbazyan,11/2/2019,KO/TKO,Kick
Andrei Arlovski,Jairzinho Rozenstruik,11/2/2019,KO/TKO,Punch
Katlyn Chookagian,Jennifer Maia,11/2/2019,U-DEC,
Lyman Good,Chance Rencountre,11/2/2019,KO/TKO,Punch
Julio Arce,Hakeem Dawodu,11/2/2019,S-DEC,
Zabit Magomedsharipov,Calvin Kattar,11/9/2019,U-DEC,
Alekander Volkov,Greg Hardy,11/9/2019,,
Zelim Imadaev,Danny Roberts,11/9/2019,KO/TKO,Punch
Khadis Ibragimov,Ed Herman,11/9/2019,U-DEC,
Ramazan Emeev,Rocco Martin,11/9/2019,,
Shamil Gamzatov,Klidson Abreu,11/9/2019,S-DEC,
Magomed Ankalaev,Dalcha Lungiambula,11/9/2019,KO/TKO,Kick
Rustam Khabilov,Sergey Khandozhko,11/9/2019,U-DEC,
Roman Kopylov,Karl Roberson,11/9/2019,SUB,Rear Naked Choke
Abubakar Nurmagomedov,David Zawada,11/9/2019,SUB,Triangle Choke
Alexander Yakovlev,Roosevelt Roberts,11/9/2019,U-DEC,
Jessica-Rose Clark,Pannie Kianzad,11/9/2019,U-DEC,
Grigorii Popov,Davey Grant,11/9/2019,,
Jan Blachowicz,Jacare Souza,11/16/2019,S-DEC,
Charles Oliveira,Jared Gordon,11/16/2019,KO/TKO,Punch
Antonio Arroyo,Andre Muniz,11/16/2019,U-DEC,
Markus Perez,Wellington Turman,11/16/2019,U-DEC,
Sergio Moraes,James Krause,11/16/2019,KO/TKO,Punch
Ricardo Ramos,Eduardo Garagorri,11/16/2019,SUB,Rear Naked Choke
Francisco Trinaldo,Bobby Green,11/16/2019,U-DEC,
Warlley Alves,Randy Brown,11/16/2019,SUB,Triangle Choke
Douglas Silva de Andrade,Renan Barao,11/16/2019,U-DEC,
Ariane Lipski,Isabela De Pauda,11/16/2019,,
Vanessa Melo,Tracy Cortez,11/16/2019,U-DEC,
Frankie Edgar,Chan Sung Jung,12/21/2019,KO/TKO,Punches
Volkan Oezdemir,Aleksandar Rakic,12/21/2019,S-DEC,
Dooho Choi,Charles Jourdain,12/21/2019,KO/TKO,Punches
Da Un Jung,Mike Rodriguez,12/21/2019,,
 Jun Yong Park,Marc-Andre Barriault,12/21/2019,,
Kyung Ho Kang,Liu Pingyuan,12/21/2019,S-DEC,
Ciryl Gane,Tanner Boser,12/21/2019,U-DEC,
Seungwoo Choi,Suman Mokhtarian,12/21/2019,,
Dong Hyun Ma,Omar Antonio Morales Ferrer,12/21/2019,,
Alexandre Pantoja,Matt Schnell,12/21/2019,KO/TKO,Punch
Raoni Barcelos,Said Nurmagomedov,12/21/2019,U-DEC,
Miranda Granger,Amanda Lemos,12/21/2019,SUB,Rear Naked Choke
Heili Alateng,Ryan Benoit,12/21/2019,S-DEC,
Kamaru Usman,Colby Covington,12/14/2019,KO/TKO,Punch
Max Holloway,Alexander Volkanovski,12/14/2019,U-DEC,
Amanda Nunes,Germaine de Randamie,12/14/2019,U-DEC,
Marlon Moraes,Jose Aldo,12/14/2019,S-DEC,
Peter Yan,Urijah Faber,12/14/2019,,
Geoff Neal,Mike Perry,12/14/2019,KO/TKO,Punches
Ketlen Vieira,Irene Aldana,12/14/2019,KO/TKO,Punch
Ian Heinisch,Omari Akhmedov,12/14/2019,U-DEC,
Matt Brown,Ben Saunders,12/14/2019,KO/TKO,Punches
Chase Hooper,Daniel Teymur,12/14/2019,KO/TKO,Elbows
Brandon Moreno,Kai Kara France,12/14/2019,,
Jessica Eye,Viviane Araujo,12/14/2019,U-DEC,
Punahele Soriano,Oskar Piechota,12/14/2019,KO/TKO,Punch
Alistair Overeem,Jairzinho Rozenstruik,12/7/2019,KO/TKO,Punch
Stefan Struve,Ben Rothwell,12/7/2019,KO/TKO,Punches
Aspen Ladd,Yana Kunitskaya,12/7/2019,KO/TKO,Punches
Rob Font,Ricky Simon,12/7/2019,U-DEC,
Thiago Alves,Tim Means,12/7/2019,SUB,Guillotine Choke
Billy Quarantillo,Jacob Kilburn,12/7/2019,SUB,Triangle Choke
Bryce Mitchell,Matt Sayles,12/7/2019,SUB,Other - Lock
Joe Solecki,Matt Wiman,12/7/2019,U-DEC,
Mallory Martin,Virna Jandiroba,12/7/2019,SUB,Rear Naked Choke
Makhmud Muradov,Trevor Smith,12/7/2019,KO/TKO,Punch
Henry Cejudo,Marlon Moraes,6/8/2019,KO/TKO,Punches
Valentina Shevchenko,Jessica Eye,6/8/2019,KO/TKO,Kick
Tony Ferguson,Donald Cerrone,6/8/2019,KO/TKO,
Jimmie Rivera,Petr Yan,6/8/2019,U-DEC,
Tai Tuivasa,Blagoy Ivanov,6/8/2019,U-DEC,
Tatiana Suarez,Nina Ansaroff,6/8/2019,U-DEC,
Aljamain Sterling,Pedro Munhoz,6/8/2019,U-DEC,
Karolina Kowalkiewicz,Alexa Grasso,6/8/2019,U-DEC,
Ricardo Lamas,Calvin Kattar,6/8/2019,KO/TKO,Punch
Yan Xiaonan,Angela Hill,6/8/2019,,
Bevon Lewis,Darren Stewart,6/8/2019,U-DEC,
Eddie Wineland,Grigorii Popov,6/8/2019,,
Katlyn Chookagian,Joanne Calderwood,6/8/2019,U-DEC,
Alexander Gustafsson,Anthony Smith,6/1/2019,SUB,Rear Naked Choke
Jimi Manuwa,Aleksandar Rakic,6/1/2019,KO/TKO,Kick
Makwan Amirkhani,Chris Fishgold,6/1/2019,SUB,Anaconda Choke
Damir Hadzovic,Christos Giagos,6/1/2019,U-DEC,
Daniel Teymur,Sung Bin Jo,6/1/2019,U-DEC,
Rostem Akman,Sergey Khandozhko,6/1/2019,U-DEC,
Tonya Evinger,Lina Lansberg,6/1/2019,U-DEC,
Stevie Ray,Leonardo Santos,6/1/2019,KO/TKO,Punch
Nick Hein,Frank Camacho,6/1/2019,KO/TKO,Punches
Bea Malecki,Duda Santana,6/1/2019,SUB,Rear Naked Choke
Darko Stosic,Devin Clark,6/1/2019,U-DEC,
Joel Alvarez,Danilo Belluardo,6/1/2019,KO/TKO,Punches
Rafael Dos Anjos,Kevin Lee,5/18/2019,SUB,Arm Triangle
Antonio Carlos Junior,Ian Heinisch,5/18/2019,U-DEC,
Megan Anderson,Felicia Spencer,5/18/2019,SUB,Rear Naked Choke
Vicente Luque,Derrick Krantz,5/18/2019,KO/TKO,Punch
Charles Oliveira,Nik Lentz,5/18/2019,KO/TKO,Punch
Davi Ramos,Austin Hubbard,5/18/2019,U-DEC,
Aspen Ladd,Sijara Eubanks,5/18/2019,U-DEC,
Desmond Green,Charles Jourdain,5/18/2019,U-DEC,
Danny Roberts,Michel Pereira,5/18/2019,KO/TKO,Flying Knee
Michael Trizano,Grant Dawson,5/18/2019,SUB,Rear Naked Choke
Patrick Cummins,Ed Herman,5/18/2019,KO/TKO,Knee
Zak Cummings,Trevin Giles,5/18/2019,SUB,Guillotine Choke
Julio Arce,Julian Erosa,5/18/2019,KO/TKO,Kick
Rose Namajunas,Jessica Andrade,5/11/2019,KO/TKO,Slam
Jared Cannonier,Anderson Silva,5/11/2019,KO/TKO,Kick
Jose Aldo,Alexander Volkanovski,5/11/2019,U-DEC,
Thiago Alves,Laureano Staropoli,5/11/2019,U-DEC,
Irene Aldana,Bethe Correia,5/11/2019,SUB,Armbar
Rogerio Nogueira,Ryan Spann,5/11/2019,KO/TKO,Punch
Thiago Moises,Kurt Holobaugh,5/11/2019,U-DEC,
Warlley Alves,Sergio Moraes,5/11/2019,KO/TKO,Punch
BJ Penn,Clay Guida,5/11/2019,U-DEC,
Luana Carolina,Priscila Cachoeira,5/11/2019,U-DEC,
Raoni Barcelos,Carlos Huachin,5/11/2019,KO/TKO,Elbows
Talita Bernardo,Viviane Araujo,5/11/2019,KO/TKO,Punch
Al Iaquinta,Donald Cerrone,5/4/2019,U-DEC,
Derek Brunson,Elias Theodorou,5/4/2019,U-DEC,
Cub Swanson,Shane Burgos,5/4/2019,S-DEC,
Brad Katona,Merab Dvalishvili,5/4/2019,U-DEC,
Walt Harris,Serghei Spivac,5/4/2019,KO/TKO,Knees
Marc-Andre Barriault,Andrew Sanchez,5/4/2019,U-DEC,
Macy Chiasson,Sarah Moras,5/4/2019,KO/TKO,Punches
Aiemann Zahabi,Vince Morales,5/4/2019,U-DEC,
Nordine Taleb,Kyle Prepolec,5/4/2019,U-DEC,
Kyle Nelson,Matt Sayles,5/4/2019,SUB,Arm Triangle
Arjan Bhullar,Juan Adams,5/4/2019,U-DEC,
Mitch Gagnon,Cole Smith,5/4/2019,U-DEC,
Jacare Souza,Jack Hermansson,4/27/2019,U-DEC,
Greg Hardy,Dmitrii Smoliakov,4/27/2019,KO/TKO,Punches
Alex Oliveira,Mike Perry,4/27/2019,U-DEC,
Glover Teixeira,Ion Cutelaba,4/27/2019,SUB,Rear Naked Choke
John Lineker,Cory Sandhagen,4/27/2019,S-DEC,
Roosevelt Roberts,Thomas Gifford,4/27/2019,U-DEC,
Ben Saunders,Takashi Sato,4/27/2019,KO/TKO,Elbows
Andrei Arlovski,Augusto Sakai,4/27/2019,S-DEC,
Carla Esparza,Virna Jandiroba,4/27/2019,U-DEC,
Gilbert Burns,Mike Davis,4/27/2019,SUB,Rear Naked Choke
Jim Miller,Jason Gonzalez,4/27/2019,SUB,Rear Naked Choke
Angela Hill,Jodie Esquibel,4/27/2019,U-DEC,
Court McGee,Dhiego Lima,4/27/2019,S-DEC,
Alistair Overeem,Aleksei Oleinik,4/20/2019,KO/TKO,Knee
Islam Makhachev,Arman Tsarukyan,4/20/2019,U-DEC,
Sergei Pavlovich,Marcelo Golm,4/20/2019,KO/TKO,Punches
Roxanne Modafferi,Antonina Shevchenko,4/20/2019,S-DEC,
Krzysztof Jotko,Alen Amedovski,4/20/2019,U-DEC,
Movsar Evloev,Seungwoo Choi,4/20/2019,,
Sultan Aliev,Keita Nakamura,4/20/2019,U-DEC,
Alexander Yakovlev,Alex Da Silva,4/20/2019,SUB,Other - Choke
Marcin Tybura,Shamil Abdurakhimov,4/20/2019,KO/TKO,Punches
Gadzhimurad Antigulov,Michal Oleksiejczuk,4/20/2019,KO/TKO,Punch
Magomed Mustafaev,Rafael Fiziev,4/20/2019,KO/TKO,Spinning Back Kick
Max Holloway,Dustin Poirier,4/13/2019,U-DEC,
Kelvin Gastelum,Israel Adesanya,4/13/2019,U-DEC,
Eryk Anders,Khalil Rountree Jr.,4/13/2019,U-DEC,
Alan Jouban,Dwight Grant,4/13/2019,S-DEC,
Ovince Saint Preux,Nikita Krylov,4/13/2019,SUB,Rear Naked Choke
Jalin Turner,Matt Frevola,4/13/2019,U-DEC,
Wilson Reis,Alexandre Pantoja,4/13/2019,KO/TKO,Punch
Max Griffin,Zelim Imadaev,4/13/2019,M-DEC,
Boston Salmon,Khalid Taha,4/13/2019,KO/TKO,Punch
Curtis Millender,Belal Muhammad,4/13/2019,U-DEC,
Montel Jackson,Andre Soukhamthath,4/13/2019,U-DEC,
Lauren Mueller,Poliana Botelho,4/13/2019,U-DEC,
Brandon Davis,Randy Costa,4/13/2019,SUB,Rear Naked Choke
Edson Barboza,Justin Gaethje,3/30/2019,KO/TKO,Punch
David Branch,Jack Hermansson,3/30/2019,SUB,Guillotine Choke
Josh Emmett,Michael Johnson,3/30/2019,KO/TKO,Punch
Karolina Kowalkiewicz,Michelle Waterson,3/30/2019,U-DEC,
Kennedy Nzechukwu,Paul Craig,3/30/2019,SUB,Triangle Choke
Sodiq Yusuff,Sheymon Moraes,3/30/2019,U-DEC,
Marina Rodriguez,Jessica Aguilar,3/30/2019,U-DEC,
Ross Pearson,Desmond Green,3/30/2019,KO/TKO,Punches
Enrique Barzola,Kevin Aguilar,3/30/2019,U-DEC,
Kevin Holland,Gerald Meerschaert,3/30/2019,S-DEC,
Ray Borg,Casey Kenney,3/30/2019,U-DEC,
Sabina Mazo,Maryna Moroz,3/30/2019,U-DEC,
Alex Perez,Mark De La Rosa,3/30/2019,U-DEC,
Stephen Thompson,Anthony Pettis,3/23/2019,KO/TKO,Punch
Curtis Blaydes,Justin Willis,3/23/2019,U-DEC,
John Makdessi,Jesus Pinedo,3/23/2019,U-DEC,
Jussier Formiga,Deiveson Figueiredo,3/23/2019,U-DEC,
Luis Pena,Steven Peterson,3/23/2019,U-DEC,
Maycee Barber,JJ Aldrich,3/23/2019,KO/TKO,Punches
Bryce Mitchell,Bobby Moffett,3/23/2019,U-DEC,
Marlon Vera,Frankie Saenz,3/23/2019,KO/TKO,Punch
Alexis Davis,Jennifer Maia,3/23/2019,U-DEC,
Randa Markos,Angela Hill,3/23/2019,SUB,Armbar
Ryan MacDonald,Chris Gutierrez,3/23/2019,U-DEC,
Eric Shelton,Jordan Espinosa,3/23/2019,U-DEC,
Darren Till,Jorge Masvidal,3/16/2019,KO/TKO,Punch
Leon Edwards,Gunnar Nelson,3/16/2019,S-DEC,
Volkan Oezdemir,Dominick Reyes,3/16/2019,S-DEC,
Nathaniel Wood,Jose Quinonez,3/16/2019,SUB,Rear Naked Choke
Danny Roberts,Claudio Silva,3/16/2019,SUB,Armbar
Jack Marshman,John Phillips,3/16/2019,S-DEC,
Arnold Allen,Jordan Rinaldi,3/16/2019,U-DEC,
Marc Diakiese,Joe Duffy,3/16/2019,U-DEC,
Nicolae Negumereanu,Saparbeg Safarov,3/16/2019,U-DEC,
Danny Henry,Dan Ige,3/16/2019,SUB,Rear Naked Choke
Molly McCann,Priscila Cachoeira,3/16/2019,U-DEC,
Mike Grundy,Nad Narimani,3/16/2019,KO/TKO,Punches
Derrick Lewis,Junior Dos Santos,3/9/2019,KO/TKO,Punches
Elizeu Zaleski dos Santos,Curtis Millender,3/9/2019,SUB,Rear Naked Choke
Tim Means,Niko Price,3/9/2019,KO/TKO,Punch
Blagoy Ivanov,Ben Rothwell,3/9/2019,U-DEC,
Beneil Dariush,Drew Dober,3/9/2019,SUB,Armbar
Tim Boetsch,Omari Akhmedov,3/9/2019,U-DEC,
Anthony Rocco Martin,Sergio Moraes,3/9/2019,U-DEC,
Marion Reneau,Yana Kunitskaya,3/9/2019,U-DEC,
Grant Dawson,Julian Erosa,3/9/2019,U-DEC,
Maurice Greene,Jeff Hughes,3/9/2019,S-DEC,
Louis Smolka,Matt Schnell,3/9/2019,SUB,Triangle Choke
Alex Morono,Zak Ottow,3/9/2019,KO/TKO,Elbows
Alex White,Dan Moret,3/9/2019,U-DEC,
Jon Jones,Anthony Smith,3/2/2019,U-DEC,
Tyron Woodley,Kamaru Usman,3/2/2019,U-DEC,
Robbie Lawler,Ben Askren,3/2/2019,SUB,Other - Choke
Tecia Torres,Weili Zhang,3/2/2019,U-DEC,
Cody Garbrandt,Pedro Munhoz,3/2/2019,KO/TKO,Punch
Jeremy Stephens,Zabit Magomedsharipov,3/2/2019,U-DEC,
Misha Cirkunov,Johnny Walker,3/2/2019,KO/TKO,Flying Knee
Cody Stamann,Alejandro Perez,3/2/2019,U-DEC,
Diego Sanchez,Mickey Gall,3/2/2019,KO/TKO,Punches
Edmen Shahbazyan,Charles Byrd,3/2/2019,KO/TKO,Elbows
Gina Mazany,Macy Chiasson,3/2/2019,KO/TKO,Punch
Polyana Viana,Hannah Cifers,3/2/2019,S-DEC,
Jan Blachowicz,Thiago Santos,2/23/2019,KO/TKO,Punch
Stefan Struve,Marcos Rogerio de Lima,2/23/2019,SUB,Arm Triangle
Gian Villante,Michal Oleksiejczuk,2/23/2019,KO/TKO,Punch
Liz Carmouche,Lucie Pudilova,2/23/2019,U-DEC,
John Dodson,Petr Yan,2/23/2019,U-DEC,
Magomed Ankalaev,Klidson Abreu,2/23/2019,U-DEC,
Dwight Grant,Carlo Pedersoli,2/23/2019,,
Daniel Teymur,Chris Fishgold,2/23/2019,SUB,Rear Naked Choke
Veronica Macedo,Gillian Robertson,2/23/2019,SUB,Rear Naked Choke
Damir Hadzovic,Polo Reyes,2/23/2019,,
Michel Prazeres,Ismail Naurdiev,2/23/2019,U-DEC,
Rustam Khabilov,Diego Ferreira,2/23/2019,U-DEC,
Damir Ismagulov,Joel Alvarez,2/23/2019,U-DEC,
Francis Ngannou,Cain Velasquez,2/17/2019,KO/TKO,Punches
James Vick,Paul Felder,2/17/2019,U-DEC,
Cortney Casey,Cynthia Calvillo,2/17/2019,U-DEC,
Alex Caceres,Kron Gracie,2/17/2019,SUB,Rear Naked Choke
Vicente Luque,Bryan Barberena,2/17/2019,KO/TKO,Knee
Andre Fili,Myles Jury,2/17/2019,U-DEC,
Jimmie Rivera,Aljamain Sterling,2/17/2019,U-DEC,
Benito Lopez,Manny Bermudez,2/17/2019,SUB,Guillotine Choke
Ashlee Evans-Smith,Andrea Lee,2/17/2019,U-DEC,
Scott Holtzman,Nik Lentz,2/17/2019,U-DEC,
Renan Barao,Luke Sanders,2/17/2019,KO/TKO,Punch
Alexandra Albu,Emily Whitmire,2/17/2019,,
Israel Adesanya,Anderson Silva,2/9/2019,U-DEC,
Lando Vannata,Marcos Mariano,2/9/2019,SUB,Kimura
Rani Yahya,Ricky Simon,2/9/2019,U-DEC,
Montana De La Rosa,Nadia Kassem,2/9/2019,SUB,Armbar
Jimmy Crute,Sam Alvey,2/9/2019,KO/TKO,Punches
Devonte Smith,Dong Hyun Ma,2/9/2019,KO/TKO,Punch
Shane Young,Austin Arnett,2/9/2019,U-DEC,
Kai Kara-France,Raulian Paiva,2/9/2019,S-DEC,
Teruto Ishihara,Kyung Ho Kang,2/9/2019,SUB,Rear Naked Choke
Callan Potter,Jalin Turner,2/9/2019,KO/TKO,Kick
Wuliji Buren,Jonathan Martinez,2/9/2019,U-DEC,
Raphael Assuncao,Marlon Moraes,2/2/2019,SUB,Guillotine Choke
Jose Aldo,Renato Moicano,2/2/2019,KO/TKO,Punches
Demian Maia,Lyman Good,2/2/2019,SUB,Rear Naked Choke
Charles Oliveira,David Teymur,2/2/2019,SUB,Anaconda Choke
Johnny Walker,Justin Ledet,2/2/2019,KO/TKO,Spinning Back Fist
Livinha Souza,Sarah Frota,2/2/2019,S-DEC,
Markus Perez,Anthony Hernandez,2/2/2019,SUB,Anaconda Choke
Mara Romero Borella,Taila Santos,2/2/2019,S-DEC,
Thiago Alves,Max Griffin,2/2/2019,S-DEC,
Junior Albini,Jairzinho Rozenstruik,2/2/2019,KO/TKO,Kick
Geraldo de Freitas,Felipe Colares,2/2/2019,U-DEC,
Ricardo Ramos,Said Nurmagomedov,2/2/2019,KO/TKO,Spinning Back Kick
Magomed Bibulatov,Rogerio Bontorin,2/2/2019,S-DEC,
Henry Cejudo,TJ Dillashaw,1/19/2019,KO/TKO,Punches
Greg Hardy,Allen Crowder,1/19/2019,DQ,
Gregor Gillespie,Yancy Medeiros,1/19/2019,KO/TKO,Punches
Joseph Benavidez,Dustin Ortiz,1/19/2019,U-DEC,
Paige VanZant,Rachael Ostovich,1/19/2019,SUB,Armbar
Glover Teixeira,Karl Roberson,1/19/2019,SUB,Arm Triangle
Alexander Hernandez,Donald Cerrone,1/19/2019,KO/TKO,Kick
Joanne Calderwood,Ariane Lipski,1/19/2019,U-DEC,
Alonzo Menifield,Vinicius Moreira,1/19/2019,KO/TKO,Punch
Cory Sandhagen,Mario Bautista,1/19/2019,SUB,Armbar
Dennis Bermudez,Te Edwards,1/19/2019,U-DEC,
Belal Muhammad,Geoff Neal,1/19/2019,U-DEC,
Kyle Stewart,Chance Rencountre,1/19/2019,SUB,Rear Naked Choke
Jon Jones,Alexander Gustafsson,12/29/2018,KO/TKO,Punches
Cris Cyborg,Amanda Nunes,12/29/2018,,
Carlos Condit,Michael Chiesa,12/29/2018,SUB,Kimura
Ilir Latifi,Corey Anderson,12/29/2018,U-DEC,
Chad Mendes,Alexander Volkanovski,12/29/2018,KO/TKO,Punches
Cat Zingano,Megan Anderson,12/29/2018,KO/TKO,Kick
Douglas Silva de Andrade,Petr Yan,12/29/2018,KO/TKO,
BJ Penn,Ryan Hall,12/29/2018,SUB,Heel Hook
Nathaniel Wood,Andre Ewell,12/29/2018,SUB,Rear Naked Choke
Uriah Hall,Bevon Lewis,12/29/2018,KO/TKO,Punch
Curtis Millender,Siyar Bahadurzada,12/29/2018,U-DEC,
Brian Kelleher,Montel Jackson,12/29/2018,SUB,D'Arce Choke
Kevin Lee,Al Iaquinta,12/15/2018,U-DEC,
Edson Barboza,Dan Hooker,12/15/2018,KO/TKO,Punches
Rob Font,Sergio Pettis,12/15/2018,U-DEC,
Jim Miller,Charles Oliveira,12/15/2018,SUB,Rear Naked Choke
Zak Ottow,Dwight Grant,12/15/2018,S-DEC,
Bobby Green,Drakkar Klose,12/15/2018,U-DEC,
Jared Gordon,Joaquim Silva,12/15/2018,KO/TKO,Punches
Gerald Meerschaert,Jack Hermansson,12/15/2018,SUB,Guillotine Choke
Trevor Smith,Zak Cummings,12/15/2018,U-DEC,
Dan Ige,Jordan Griffin,12/15/2018,U-DEC,
Adam Milstead,Mike Rodriguez,12/15/2018,KO/TKO,Knee
Chris de la Rocha,Juan Adams,12/15/2018,KO/TKO,Knee
Max Holloway,Brian Ortega,12/8/2018,KO/TKO,
Valentina Shevchenko,Joanna Jedrzejczyk,12/8/2018,U-DEC,
Alex Oliveira,Gunnar Nelson,12/8/2018,SUB,Rear Naked Choke
Hakeem Dawodu,Kyle Bochniak,12/8/2018,S-DEC,
Jimi Manuwa,Thiago Santos,12/8/2018,KO/TKO,Punch
Claudia Gadelha,Nina Ansaroff,12/8/2018,U-DEC,
Olivier Aubin-Mercier,Gilbert Burns,12/8/2018,U-DEC,
Katlyn Chookagian,Jessica Eye,12/8/2018,S-DEC,
Elias Theodorou,Eryk Anders,12/8/2018,S-DEC,
Brad Katona,Matthew Lopez,12/8/2018,U-DEC,
Chad Laprise,Dhiego Lima,12/8/2018,KO/TKO,Punch
Diego Ferreira,Kyle Nelson,12/8/2018,KO/TKO,Punches
Devin Clark,Aleksandar Rakic,12/8/2018,KO/TKO,Spinning Back Fist
Junior Dos Santos,Tai Tuivasa,12/1/2018,KO/TKO,Punches
Mauricio Rua,Tyson Pedro,12/1/2018,KO/TKO,Punches
Mark Hunt,Justin Willis,12/1/2018,U-DEC,
Jake Matthews,Anthony Rocco Martin,12/1/2018,SUB,Anaconda Choke
Suman Mokhtarian,Sodiq Yusuff,12/1/2018,KO/TKO,Punches
Jimmy Crute,Paul Craig,12/1/2018,SUB,Kimura
Yushin Okami,Aleksei Kunchenko,12/1/2018,U-DEC,
Wilson Reis,Ben Nguyen,12/1/2018,U-DEC,
Keita Nakamura,Salim Touahri,12/1/2018,S-DEC,
Elias Garcia,Kai Kara-France,12/1/2018,U-DEC,
Mizuto Hirota,Christos Giagos,12/1/2018,U-DEC,
Alex Gorgees,Damir Ismagulov,12/1/2018,U-DEC,
Rafael Dos Anjos,Kamaru Usman,11/30/2018,U-DEC,
Juan Espino,Justin Frazier,11/30/2018,SUB,Armbar
Pannie Kianzad,Macy Chiasson,11/30/2018,SUB,Rear Naked Choke
Pedro Munhoz,Bryan Caraway,11/30/2018,KO/TKO,Kick
Darren Stewart,Edmen Shahbazyan,11/30/2018,S-DEC,
Ji Yeon Kim,Antonina Shevchenko,11/30/2018,U-DEC,
Rick Glenn,Kevin Aguilar,11/30/2018,U-DEC,
Joseph Benavidez,Alex Perez,11/30/2018,KO/TKO,Punches
Maurice Greene,Michel Batista,11/30/2018,SUB,Triangle Choke
Julija Stoliarenko,Leah Letson,11/30/2018,S-DEC,
Roosevelt Roberts,Darrell Horcher,11/30/2018,SUB,Guillotine Choke
Tim Means,Ricky Rainey,11/30/2018,KO/TKO,Punches
Raoni Barcelos,Chris Gutierrez,11/30/2018,SUB,Rear Naked Choke
Curtis Blaydes,Francis Ngannou,11/24/2018,KO/TKO,Punch
Alistair Overeem,Sergei Pavlovich,11/24/2018,KO/TKO,Punches
Song Yadong,Vince Morales,11/24/2018,U-DEC,
Li Jingliang,David Zawada,11/24/2018,,
Song Kenan,Alex Morono,11/24/2018,,
Wu Yanan,Lauren Mueller,11/24/2018,,
Hu Yaozong,Rashad Coulter,11/24/2018,U-DEC,
Weili Zhang,Jessica Aguilar,11/24/2018,SUB,Armbar
Liu Pingyuan,Martin Day,11/24/2018,S-DEC,
Yan Xiaonan,Syuri Kondo,11/24/2018,,
Kevin Holland,John Phillips,11/24/2018,SUB,Rear Naked Choke
Su Mudaerji,Louis Smolka,11/24/2018,SUB,Armbar
Neil Magny,Santiago Ponzinibbio,11/17/2018,KO/TKO,Punch
Ricardo Lamas,Darren Elkins,11/17/2018,KO/TKO,Elbows
Khalil Rountree Jr.,Johnny Walker,11/17/2018,KO/TKO,Elbow
Cezar Ferreira,Ian Heinisch,11/17/2018,U-DEC,
Guido Cannetti,Marlon Vera,11/17/2018,SUB,Rear Naked Choke
Cynthia Calvillo,Poliana Botelho,11/17/2018,SUB,Rear Naked Choke
Michel Prazeres,Bartosz Fabinski,11/17/2018,SUB,Guillotine Choke
Alexandre Pantoja,Ulka Sasaki,11/17/2018,,
Humberto Bandenay,Austin Arnett,11/17/2018,U-DEC,
Laureano Staropoli,Hector Aldana,11/17/2018,U-DEC,
Devin Powell,Jesus Pinedo,11/17/2018,U-DEC,
Nad Narimani,Anderson Dos Santos,11/17/2018,U-DEC,
Chan Sung Jung,Yair Rodriguez,11/10/2018,KO/TKO,Elbow
Donald Cerrone,Mike Perry,11/10/2018,SUB,Armbar
Raquel Pennington,Germaine de Randamie,11/10/2018,U-DEC,
Beneil Dariush,Thiago Moises,11/10/2018,U-DEC,
Maycee Barber,Hannah Cifers,11/10/2018,KO/TKO,Punches
Michael Trizano,Luis Pena,11/10/2018,S-DEC,
Ashley Yoder,Amanda Cooper,11/10/2018,S-DEC,
Chas Skelly,Bobby Moffett,11/10/2018,Overturned,D'Arce Choke
Davi Ramos,John Gunther,11/10/2018,SUB,Rear Naked Choke
Devonte Smith,Julian Erosa,11/10/2018,KO/TKO,Punches
Joseph Morales,Eric Shelton,11/10/2018,S-DEC,
Mark De La Rosa,Joby Sanchez,11/10/2018,S-DEC,
Daniel Cormier,Derrick Lewis,11/3/2018,SUB,Rear Naked Choke
Chris Weidman,Jacare Souza,11/3/2018,KO/TKO,Punches
David Branch,Jared Cannonier,11/3/2018,KO/TKO,Punches
Karl Roberson,Jack Marshman,11/3/2018,U-DEC,
Derek Brunson,Israel Adesanya,11/3/2018,KO/TKO,Punches
Jason Knight,Jordan Rinaldi,11/3/2018,U-DEC,
Sijara Eubanks,Roxanne Modafferi,11/3/2018,U-DEC,
Julio Arce,Sheymon Moraes,11/3/2018,S-DEC,
Lyman Good,Ben Saunders,11/3/2018,KO/TKO,Punches
Shane Burgos,Kurt Holobaugh,11/3/2018,SUB,Armbar
Adam Wieczorek,Marcos Rogerio de Lima,11/3/2018,U-DEC,
Volkan Oezdemir,Anthony Smith,10/27/2018,SUB,Rear Naked Choke
Michael Johnson,Artem Lobov,10/27/2018,U-DEC,
Misha Cirkunov,Patrick Cummins,10/27/2018,SUB,Arm Triangle
Andre Soukhamthath,Jonathan Martinez,10/27/2018,U-DEC,
Gian Villante,Ed Herman,10/27/2018,S-DEC,
Alex Garcia,Court McGee,10/27/2018,U-DEC,
Nordine Taleb,Sean Strickland,10/27/2018,KO/TKO,Punch
Thibault Gouti,Nasrat Haqparast,10/27/2018,U-DEC,
Calvin Kattar,Chris Fishgold,10/27/2018,KO/TKO,Punch
Sarah Moras,Talita Bernardo,10/27/2018,U-DEC,
Te Edwards,Don Madge,10/27/2018,KO/TKO,Kick
Arjan Bhullar,Marcelo Golm,10/27/2018,U-DEC,
Stevie Ray,Jessin Ayari,10/27/2018,U-DEC,
Khabib Nurmagomedov,Conor McGregor,10/6/2018,SUB,Neck Crank
Tony Ferguson,Anthony Pettis,10/6/2018,KO/TKO,
Ovince Saint Preux,Dominick Reyes,10/6/2018,U-DEC,
Derrick Lewis,Alexander Volkov,10/6/2018,KO/TKO,Punches
Michelle Waterson,Felice Herrig,10/6/2018,U-DEC,
Sergio Pettis,Jussier Formiga,10/6/2018,U-DEC,
Vicente Luque,Jalin Turner,10/6/2018,KO/TKO,Punches
Aspen Ladd,Tonya Evinger,10/6/2018,KO/TKO,Punches
Scott Holtzman,Alan Patrick,10/6/2018,KO/TKO,Elbows
Lina Lansberg,Yana Kunitskaya,10/6/2018,U-DEC,
Gray Maynard,Nik Lentz,10/6/2018,KO/TKO,Kick
Ryan LaFlare,Anthony Rocco Martin,10/6/2018,KO/TKO,Kick
Thiago Santos,Eryk Anders,9/22/2018,KO/TKO,
Alex Oliveira,Carlo Pedersoli,9/22/2018,,
Sam Alvey,Rogerio Nogueira,9/22/2018,KO/TKO,Punch
Renan Barao,Andre Ewell,9/22/2018,S-DEC,
Charles Oliveira,Christos Giagos,9/22/2018,SUB,Rear Naked Choke
Francisco Trinaldo,Evan Dunham,9/22/2018,KO/TKO,Knee
Luis Henrique,Ryan Spann,9/22/2018,U-DEC,
Augusto Sakai,Chase Sherman,9/22/2018,KO/TKO,Punches
Sergio Moraes,Ben Saunders,9/22/2018,SUB,Arm Triangle
Mayra Bueno Silva,Gillian Robertson,9/22/2018,SUB,Armbar
Thales Leites,Hector Lombard,9/22/2018,U-DEC,
Elizeu Zaleski dos Santos,Luigi Vendramini,9/22/2018,KO/TKO,Flying Knee
Livinha Souza,Alex Chambers,9/22/2018,SUB,Guillotine Choke
Mark Hunt,Aleksei Oleinik,9/15/2018,SUB,Rear Naked Choke
Jan Blachowicz,Nikita Krylov,9/15/2018,SUB,Arm Triangle
Andrei Arlovski,Shamil Abdurakhimov,9/15/2018,U-DEC,
Aleksei Kunchenko,Thiago Alves,9/15/2018,U-DEC,
Khalid Murtazaliev,CB Dollaway,9/15/2018,KO/TKO,Punches
Petr Yan,Jin Soo Son,9/15/2018,U-DEC,
Rustam Khabilov,Kajan Johnson,9/15/2018,S-DEC,
Mairbek Taisumov,Desmond Green,9/15/2018,U-DEC,
Magomed Ankalaev,Marcin Prachnio,9/15/2018,KO/TKO,Kick
Adam Yandiev,Jordan Johnson,9/15/2018,SUB,Arm Triangle
Ramazan Emeev,Stefan Sekulic,9/15/2018,U-DEC,
Merab Dvalishvili,Terrion Ware,9/15/2018,U-DEC,
Tyron Woodley,Darren Till,9/8/2018,SUB,D'Arce Choke
Jessica Andrade,Karolina Kowalkiewicz,9/8/2018,KO/TKO,Punch
Zabit Magomedsharipov,Brandon Davis,9/8/2018,SUB,Kneebar
Jimmie Rivera,John Dodson,9/8/2018,U-DEC,
Abdul Razak Alhassan,Niko Price,9/8/2018,KO/TKO,Punches
Carla Esparza,Tatiana Suarez,9/8/2018,KO/TKO,Punches
Aljamain Sterling,Cody Stamann,9/8/2018,SUB,Kneebar
Geoff Neal,Frank Camacho,9/8/2018,KO/TKO,Kick
Charles Byrd,Darren Stewart,9/8/2018,KO/TKO,Elbow
Diego Sanchez,Craig White,9/8/2018,U-DEC,
Jim Miller,Alex White,9/8/2018,SUB,Rear Naked Choke
Irene Aldana,Lucie Pudilova,9/8/2018,S-DEC,
Roberto Sanchez,Jarred Brooks,9/8/2018,,
Justin Gaethje,James Vick,8/25/2018,KO/TKO,Punch
Michael Johnson,Andre Fili,8/25/2018,S-DEC,
Cortney Casey,Angela Hill,8/25/2018,S-DEC,
Jake Ellenberger,Bryan Barberena,8/25/2018,KO/TKO,Punch
John Moraga,Deiveson Figueiredo,8/25/2018,KO/TKO,Punch
Eryk Anders,Tim Williams,8/25/2018,KO/TKO,Kick
James Krause,Warlley Alves,8/25/2018,KO/TKO,Flying Knee
Cory Sandhagen,Iuri Alcantara,8/25/2018,KO/TKO,Punches
Andrew Sanchez,Markus Perez,8/25/2018,U-DEC,
Mickey Gall,George Sullivan,8/25/2018,SUB,Rear Naked Choke
Joanne Calderwood,Kalindra Faria,8/25/2018,SUB,Armbar
Drew Dober,Jon Tuck,8/25/2018,U-DEC,
Rani Yahya,Luke Sanders,8/25/2018,SUB,Heel Hook
TJ Dillashaw,Cody Garbrandt,8/4/2018,KO/TKO,Punches
Demetrious Johnson,Henry Cejudo,8/4/2018,S-DEC,
Cub Swanson,Renato Moicano,8/4/2018,SUB,Rear Naked Choke
Polyana Viana,JJ Aldrich,8/4/2018,U-DEC,
Thiago Santos,Kevin Holland,8/4/2018,U-DEC,
Pedro Munhoz,Brett Johns,8/4/2018,U-DEC,
Ricky Simon,Montel Jackson,8/4/2018,U-DEC,
Ricardo Ramos,Kyung Ho Kang,8/4/2018,S-DEC,
Matt Sayles,Sheymon Moraes,8/4/2018,U-DEC,
Alex Perez,Jose Torres,8/4/2018,KO/TKO,Punches
Danielle Taylor,Weili Zhang,8/4/2018,U-DEC,
Marlon Vera,Wuliji Buren,8/4/2018,KO/TKO,Punch
Eddie Alvarez,Dustin Poirier,7/28/2018,KO/TKO,Punches
Jose Aldo,Jeremy Stephens,7/28/2018,KO/TKO,Punches
Joanna Jedrzejczyk,Tecia Torres,7/28/2018,U-DEC,
Alexander Hernandez,Olivier Aubin-Mercier,7/28/2018,U-DEC,
Jordan Mein,Alex Morono,7/28/2018,U-DEC,
Hakeem Dawodu,Austin Arnett,7/28/2018,U-DEC,
Kajan Johnson,Islam Makhachev,7/28/2018,SUB,Armbar
Gadzhimurad Antigulov,Ion Cutelaba,7/28/2018,KO/TKO,Elbows
John Makdessi,Ross Pearson,7/28/2018,U-DEC,
Alexis Davis,Katlyn Chookagian,7/28/2018,U-DEC,
Dustin Ortiz,Matheus Nicolau,7/28/2018,,
Randa Markos,Nina Ansaroff,7/28/2018,U-DEC,
Devin Powell,Alvaro Herrera,7/28/2018,,
Mauricio Rua,Anthony Smith,7/22/2018,KO/TKO,Punches
Glover Teixeira,Corey Anderson,7/22/2018,U-DEC,
Vitor Miranda,Abu Azaitar,7/22/2018,U-DEC,
Marcin Tybura,Stefan Struve,7/22/2018,U-DEC,
Danny Roberts,David Zawada,7/22/2018,S-DEC,
Nasrat Haqparast,Marc Diakiese,7/22/2018,U-DEC,
Nick Hein,Damir Hadzovic,7/22/2018,S-DEC,
Emil Meek,Bartosz Fabinski,7/22/2018,U-DEC,
Khalid Taha,Nad Narimani,7/22/2018,U-DEC,
Justin Ledet,Aleksandar Rakic,7/22/2018,U-DEC,
Davey Grant,Manny Bermudez,7/22/2018,SUB,Triangle Choke
Jeremy Kimball,Darko Stosic,7/22/2018,KO/TKO,Elbows
Damian Stasiak,Liu Pingyuan,7/22/2018,U-DEC,
Junior Dos Santos,Blagoy Ivanov,7/14/2018,U-DEC,
Sage Northcutt,Zak Ottow,7/14/2018,KO/TKO,Punch
Dennis Bermudez,Rick Glenn,7/14/2018,S-DEC,
Randy Brown,Niko Price,7/14/2018,KO/TKO,Punch
Myles Jury,Chad Mendes,7/14/2018,KO/TKO,Punch
Cat Zingano,Marion Reneau,7/14/2018,U-DEC,
Eddie Wineland,Alejandro Perez,7/14/2018,U-DEC,
Darren Elkins,Alexander Volkanovski,7/14/2018,U-DEC,
Justin Scoggins,Said Nurmagomedov,7/14/2018,S-DEC,
Kurt Holobaugh,Raoni Barcelos,7/14/2018,KO/TKO,Punch
Liz Carmouche,Jennifer Maia,7/14/2018,U-DEC,
Mark De La Rosa,Elias Garcia,7/14/2018,SUB,Rear Naked Choke
Jessica Aguilar,Jodie Esquibel,7/14/2018,U-DEC,
Stipe Miocic,Daniel Cormier,7/7/2018,KO/TKO,Punches
Francis Ngannou,Derrick Lewis,7/7/2018,U-DEC,
Paul Felder,Mike Perry,7/7/2018,S-DEC,
Michael Chiesa,Anthony Pettis,7/7/2018,SUB,Triangle Choke
Gokhan Saki,Khalil Rountree Jr.,7/7/2018,KO/TKO,Punches
Uriah Hall,Paulo Costa,7/7/2018,KO/TKO,Punches
Raphael Assuncao,Rob Font,7/7/2018,U-DEC,
Lando Vannata,Drakkar Klose,7/7/2018,U-DEC,
Curtis Millender,Max Griffin,7/7/2018,U-DEC,
Dan Hooker,Gilbert Burns,7/7/2018,KO/TKO,Punches
Jamie Moyle,Emily Whitmire,7/7/2018,U-DEC,
Brad Tavares,Israel Adesanya,7/6/2018,U-DEC,
Michael Trizano,Joe Giannetti,7/6/2018,S-DEC,
Jay Cucciniello,Brad Katona,7/6/2018,U-DEC,
Alex Caceres,Martin Bravo,7/6/2018,S-DEC,
Roxanne Modafferi,Barb Honchak,7/6/2018,KO/TKO,Elbows
Alessio Di Chirico,Julian Marquez,7/6/2018,S-DEC,
Montana De La Rosa,Rachael Ostovich,7/6/2018,SUB,Rear Naked Choke
Luis Pena,Richie Smullen,7/6/2018,SUB,Guillotine Choke
John Gunther,Allan Zuniga,7/6/2018,M-DEC,
Tyler Diamond,Bryce Mitchell,7/6/2018,M-DEC,
Matt Bessette,Steven Peterson,7/6/2018,S-DEC,
Gerald Meerschaert,Oskar Piechota,7/6/2018,SUB,Rear Naked Choke
Donald Cerrone,Leon Edwards,6/23/2018,U-DEC,
Ovince Saint Preux,Tyson Pedro,6/23/2018,SUB,Armbar
Jessica-Rose Clark,Jessica Eye,6/23/2018,U-DEC,
Li Jingliang,Daichi Abe,6/23/2018,,
Teruto Ishihara,Petr Yan,6/23/2018,KO/TKO,Punch
Felipe Arantes,Song Yadong,6/23/2018,KO/TKO,Elbow
Rolando Dy,Shane Young,6/23/2018,KO/TKO,Elbow
Song Kenan,Hector Aldana,6/23/2018,,
Shinsho Anzai,Jake Matthews,6/23/2018,SUB,Rear Naked Choke
Viviane Pereira,Yan Xiaonan,6/23/2018,,
Matt Schnell,Naoki Inoue,6/23/2018,S-DEC,
Jenel Lausa,Ulka Sasaki,6/23/2018,,
Ji Yeon Kim,Melinda Fabian,6/23/2018,S-DEC,
Robert Whittaker,Yoel Romero,6/9/2018,S-DEC,
Rafael Dos Anjos,Colby Covington,6/9/2018,U-DEC,
Holly Holm,Megan Anderson,6/9/2018,U-DEC,
Andrei Arlovski,Tai Tuivasa,6/9/2018,U-DEC,
CM Punk,Mike Jackson,6/9/2018,U-DEC,
Alistair Overeem,Curtis Blaydes,6/9/2018,KO/TKO,Elbows
Claudia Gadelha,Carla Esparza,6/9/2018,S-DEC,
Ricardo Lamas,Mirsad Bektic,6/9/2018,S-DEC,
Rashad Coulter,Chris de la Rocha,6/9/2018,KO/TKO,Punches
Rashad Evans,Anthony Smith,6/9/2018,KO/TKO,Knee
Joseph Benavidez,Sergio Pettis,6/9/2018,S-DEC,
Clay Guida,Charles Oliveira,6/9/2018,SUB,Guillotine Choke
Mike Santiago,Dan Ige,6/9/2018,KO/TKO,Punches
Jimmie Rivera,Marlon Moraes,6/1/2018,KO/TKO,Kick
Gregor Gillespie,Vinc Pichel,6/1/2018,SUB,Arm Triangle
Walt Harris,Daniel Spitz,6/1/2018,KO/TKO,Punches
Jake Ellenberger,Ben Saunders,6/1/2018,KO/TKO,Knee
Julio Arce,Daniel Teymur,6/1/2018,SUB,Rear Naked Choke
Gian Villante,Sam Alvey,6/1/2018,S-DEC,
Sijara Eubanks,Lauren Murphy,6/1/2018,U-DEC,
Nik Lentz,David Teymur,6/1/2018,U-DEC,
Belal Muhammad,Chance Rencountre,6/1/2018,U-DEC,
Desmond Green,Gleison Tibau,6/1/2018,U-DEC,
Johnny Eduardo,Nathaniel Wood,6/1/2018,SUB,D'Arce Choke
Jarred Brooks,Jose Torres,6/1/2018,KO/TKO,Punches
Stephen Thompson,Darren Till,5/27/2018,U-DEC,
Neil Magny,Craig White,5/27/2018,KO/TKO,Knee
Arnold Allen,Mads Burnell,5/27/2018,SUB,Other - Choke
Jason Knight,Makwan Amirkhani,5/27/2018,S-DEC,
Claudio Silva,Nordine Taleb,5/27/2018,SUB,Rear Naked Choke
Eric Spicely,Darren Stewart,5/27/2018,KO/TKO,Punch
Daniel Kelly,Tom Breese,5/27/2018,KO/TKO,Punch
Lina Lansberg,Gina Mazany,5/27/2018,U-DEC,
Bradley Scott,Carlo Pedersoli,5/27/2018,,
Gillian Robertson,Molly McCann,5/27/2018,SUB,Rear Naked Choke
Elias Theodorou,Trevor Smith,5/27/2018,U-DEC,
Demian Maia,Kamaru Usman,5/19/2018,U-DEC,
Alexa Grasso,Tatiana Suarez,5/19/2018,SUB,Rear Naked Choke
Jared Cannonier,Dominick Reyes,5/19/2018,KO/TKO,Punch
Diego Rivas,Guido Cannetti,5/19/2018,U-DEC,
Veronica Macedo,Andrea Lee,5/19/2018,U-DEC,
Vicente Luque,Chad Laprise,5/19/2018,KO/TKO,Punch
Zak Cummings,Michel Prazeres,5/19/2018,S-DEC,
Brandon Moreno,Alexandre Pantoja,5/19/2018,U-DEC,
Poliana Botelho,Syuri Kondo,5/19/2018,KO/TKO,Kick
Gabriel Benitez,Humberto Bandenay,5/19/2018,KO/TKO,Slam
Enrique Barzola,Brandon Davis,5/19/2018,U-DEC,
Henry Briones,Frankie Saenz,5/19/2018,U-DEC,
Claudio Puelles,Felipe Silva,5/19/2018,SUB,Kneebar
Amanda Nunes,Raquel Pennington,5/12/2018,KO/TKO,Punches
Jacare Souza,Kelvin Gastelum,5/12/2018,S-DEC,
Mackenzie Dern,Amanda Cooper,5/12/2018,SUB,Rear Naked Choke
John Lineker,Brian Kelleher,5/12/2018,KO/TKO,Punch
Vitor Belfort,Lyoto Machida,5/12/2018,KO/TKO,Kick
Cezar Ferreira,Karl Roberson,5/12/2018,SUB,Arm Triangle
Aleksei Oleinik,Junior Albini,5/12/2018,SUB,Other - Choke
Davi Ramos,Nick Hein,5/12/2018,SUB,Rear Naked Choke
Elizeu Zaleski dos Santos,Sean Strickland,5/12/2018,KO/TKO,Kick
Warlley Alves,Sultan Aliev,5/12/2018,KO/TKO,
Thales Leites,Jack Hermansson,5/12/2018,KO/TKO,Punches
Alberto Mina,Ramazan Emeev,5/12/2018,U-DEC,
Markus Perez,James Bochnovic,5/12/2018,SUB,Rear Naked Choke
Edson Barboza,Kevin Lee,4/21/2018,KO/TKO,
Frankie Edgar,Cub Swanson,4/21/2018,U-DEC,
Justin Willis,Chase Sherman,4/21/2018,U-DEC,
David Branch,Thiago Santos,4/21/2018,KO/TKO,Punch
Aljamain Sterling,Brett Johns,4/21/2018,U-DEC,
Jim Miller,Dan Hooker,4/21/2018,KO/TKO,Knee
Ryan LaFlare,Alex Garcia,4/21/2018,U-DEC,
Merab Dvalishvili,Ricky Simon,4/21/2018,KO/TKO,
Siyar Bahadurzada,Luan Chagas,4/21/2018,KO/TKO,Kick
Corey Anderson,Patrick Cummins,4/21/2018,U-DEC,
Anthony Rocco Martin,Keita Nakamura,4/21/2018,U-DEC,
Dustin Poirier,Justin Gaethje,4/14/2018,KO/TKO,Punch
Carlos Condit,Alex Oliveira,4/14/2018,SUB,Guillotine Choke
Israel Adesanya,Marvin Vettori,4/14/2018,S-DEC,
Michelle Waterson,Cortney Casey,4/14/2018,S-DEC,
Tim Boetsch,Antonio Carlos Junior,4/14/2018,SUB,Rear Naked Choke
Muslim Salikhov,Ricky Rainey,4/14/2018,KO/TKO,Punch
Wilson Reis,John Moraga,4/14/2018,U-DEC,
Krzysztof Jotko,Brad Tavares,4/14/2018,KO/TKO,Punch
Gilbert Burns,Dan Moret,4/14/2018,KO/TKO,Punch
Shana Dobson,Lauren Mueller,4/14/2018,U-DEC,
Dhiego Lima,Yushin Okami,4/14/2018,U-DEC,
Arjan Bhullar,Adam Wieczorek,4/14/2018,SUB,Omoplata
Matthew Lopez,Alejandro Perez,4/14/2018,KO/TKO,Punches
Luke Sanders,Patrick Williams,4/14/2018,U-DEC,
Khabib Nurmagomedov,Al Iaquinta,4/7/2018,U-DEC,
Rose Namajunas,Joanna Jedrzejczyk,4/7/2018,U-DEC,
Renato Moicano,Calvin Kattar,4/7/2018,U-DEC,
Zabit Magomedsharipov,Kyle Bochniak,4/7/2018,U-DEC,
Joe Lauzon,Chris Gruetzemacher,4/7/2018,KO/TKO,
Karolina Kowalkiewicz,Felice Herrig,4/7/2018,S-DEC,
Evan Dunham,Olivier Aubin-Mercier,4/7/2018,KO/TKO,Knees
Bec Rawlings,Ashlee Evans-Smith,4/7/2018,U-DEC,
Devin Clark,Mike Rodriguez,4/7/2018,U-DEC,
Fabricio Werdum,Alexander Volkov,3/17/2018,KO/TKO,Punch
Jimi Manuwa,Jan Blachowicz,3/17/2018,U-DEC,
Tom Duquesnoy,Terrion Ware,3/17/2018,U-DEC,
Leon Edwards,Peter Sobotta,3/17/2018,KO/TKO,Punch
John Phillips,Charles Byrd,3/17/2018,SUB,Rear Naked Choke
Danny Roberts,Oliver Enkamp,3/17/2018,KO/TKO,Punch
Danny Henry,Hakeem Dawodu,3/17/2018,SUB,Guillotine Choke
Paul Craig,Magomed Ankalaev,3/17/2018,SUB,Triangle Choke
Stevie Ray,Kajan Johnson,3/17/2018,S-DEC,
Mark Godbeer,Dmitry Sosnovskiy,3/17/2018,SUB,Rear Naked Choke
Cris Cyborg,Yana Kunitskaya,3/3/2018,,
Frankie Edgar,Brian Ortega,3/3/2018,KO/TKO,Punch
Sean O'Malley,Andre Soukhamthath,3/3/2018,U-DEC,
Stefan Struve,Andrei Arlovski,3/3/2018,U-DEC,
Cat Zingano,Ketlen Vieira,3/3/2018,S-DEC,
Ashley Yoder,Mackenzie Dern,3/3/2018,S-DEC,
Beneil Dariush,Alexander Hernandez,3/3/2018,KO/TKO,Punch
John Dodson,Pedro Munhoz,3/3/2018,S-DEC,
CB Dollaway,Hector Lombard,3/3/2018,DQ,
Mike Pyle,Zak Ottow,3/3/2018,KO/TKO,Punches
Bryan Caraway,Cody Stamann,3/3/2018,S-DEC,
Jordan Johnson,Adam Milstead,3/3/2018,S-DEC,
Josh Emmett,Jeremy Stephens,2/24/2018,KO/TKO,Punch
Jessica Andrade,Tecia Torres,2/24/2018,U-DEC,
Ovince Saint Preux,Ilir Latifi,2/24/2018,SUB,Guillotine Choke
Mike Perry,Max Griffin,2/24/2018,U-DEC,
Renan Barao,Brian Kelleher,2/24/2018,U-DEC,
Sara McMann,Marion Reneau,2/24/2018,SUB,Triangle Choke
Maryna Moroz,Angela Hill,2/24/2018,U-DEC,
Ben Saunders,Alan Jouban,2/24/2018,KO/TKO,Punch
Sam Alvey,Marcin Prachnio,2/24/2018,KO/TKO,Punch
Rani Yahya,Russell Doane,2/24/2018,SUB,Arm Triangle
Eric Shelton,Alex Perez,2/24/2018,U-DEC,
Albert Morales,Manny Bermudez,2/24/2018,SUB,Guillotine Choke
Donald Cerrone,Yancy Medeiros,2/18/2018,KO/TKO,Punch
Derrick Lewis,Marcin Tybura,2/18/2018,KO/TKO,Punch
James Vick,Francisco Trinaldo,2/18/2018,U-DEC,
Thiago Alves,Curtis Millender,2/18/2018,KO/TKO,Knee
Steven Peterson,Brandon Davis,2/18/2018,U-DEC,
Sage Northcutt,Thibault Gouti,2/18/2018,U-DEC,
Jared Gordon,Diego Ferreira,2/18/2018,KO/TKO,Punch
Geoff Neal,Brian Camozzi,2/18/2018,SUB,Rear Naked Choke
Roberto Sanchez,Joby Sanchez,2/18/2018,,
Sarah Moras,Lucie Pudilova,2/18/2018,U-DEC,
Joshua Burkman,Alex Morono,2/18/2018,SUB,Guillotine Choke
Oskar Piechota,Tim Williams,2/18/2018,KO/TKO,Punch
Yoel Romero,Luke Rockhold,2/10/2018,KO/TKO,Punch
Mark Hunt,Curtis Blaydes,2/10/2018,U-DEC,
Tai Tuivasa,Cyril Asker,2/10/2018,KO/TKO,Elbow
Jake Matthews,Li Jingliang,2/10/2018,,
Tyson Pedro,Saparbeg Safarov,2/10/2018,SUB,Kimura
Damien Brown,Dong Hyun Ma,2/10/2018,S-DEC,
Rob Wilkinson,Israel Adesanya,2/10/2018,KO/TKO,Punches
Alexander Volkanovski,Jeremy Kennedy,2/10/2018,KO/TKO,Punches
Jussier Formiga,Ben Nguyen,2/10/2018,SUB,Rear Naked Choke
Ross Pearson,Mizuto Hirota,2/10/2018,U-DEC,
Teruto Ishihara,Jose Quinonez,2/10/2018,U-DEC,
Luke Jumeau,Daichi Abe,2/10/2018,U-DEC,
Lyoto Machida,Eryk Anders,2/3/2018,S-DEC,
Valentina Shevchenko,Priscila Cachoeira,2/3/2018,SUB,Rear Naked Choke
Michel Prazeres,Desmond Green,2/3/2018,U-DEC,
Tim Johnson,Marcelo Golm,2/3/2018,,
Douglas Silva de Andrade,Marlon Vera,2/3/2018,U-DEC,
Thiago Santos,Anthony Smith,2/3/2018,KO/TKO,Kick
Sergio Moraes,Tim Means,2/3/2018,S-DEC,
Alan Patrick,Damir Hadzovic,2/3/2018,U-DEC,
Maia Stevenson,Polyana Viana,2/3/2018,SUB,Rear Naked Choke
Iuri Alcantara,Joe Soto,2/3/2018,KO/TKO,Punches
Deiveson Figueiredo,Joseph Morales,2/3/2018,KO/TKO,Punches
Jacare Souza,Derek Brunson,1/27/2018,KO/TKO,Kick
Dennis Bermudez,Andre Fili,1/27/2018,S-DEC,
Jordan Rinaldi,Gregor Gillespie,1/27/2018,KO/TKO,Punches
Drew Dober,Frank Camacho,1/27/2018,U-DEC,
Erik Koch,Bobby Green,1/27/2018,U-DEC,
Mirsad Bektic,Godofredo Pepey,1/27/2018,KO/TKO,Punch
Katlyn Chookagian,Mara Romero Borella,1/27/2018,U-DEC,
Randa Markos,Juliana Lima,1/27/2018,U-DEC,
Justine Kish,Ji Yeon Kim,1/27/2018,S-DEC,
Vinc Pichel,Joaquim Silva,1/27/2018,U-DEC,
Niko Price,George Sullivan,1/27/2018,SUB,Rear Naked Choke
Austin Arnett,Cory Sandhagen,1/27/2018,KO/TKO,Punches
Stipe Miocic,Francis Ngannou,1/20/2018,U-DEC,
Daniel Cormier,Volkan Oezdemir,1/20/2018,KO/TKO,Punches
Calvin Kattar,Shane Burgos,1/20/2018,KO/TKO,Punch
Gian Villante,Francimar Barroso,1/20/2018,S-DEC,
Thomas Almeida,Rob Font,1/20/2018,KO/TKO,Kick
Kyle Bochniak,Brandon Davis,1/20/2018,U-DEC,
Sabah Homasi,Abdul Razak Alhassan,1/20/2018,KO/TKO,Punch
Dustin Ortiz,Alexandre Pantoja,1/20/2018,U-DEC,
Dan Ige,Julio Arce,1/20/2018,U-DEC,
Matt Bessette,Enrique Barzola,1/20/2018,U-DEC,
Islam Makhachev,Gleison Tibau,1/20/2018,KO/TKO,Punch
Jeremy Stephens,Dooho Choi,1/14/2018,KO/TKO,Punch
Paige VanZant,Jessica-Rose Clark,1/14/2018,U-DEC,
Kamaru Usman,Emil Meek,1/14/2018,U-DEC,
Darren Elkins,Michael Johnson,1/14/2018,SUB,Rear Naked Choke
James Krause,Alex White,1/14/2018,U-DEC,
Matt Frevola,Polo Reyes,1/14/2018,,
Talita Bernardo,Irene Aldana,1/14/2018,U-DEC,
Kyung Ho Kang,Guido Cannetti,1/14/2018,SUB,Triangle Choke
Kalindra Faria,Jessica Eye,1/14/2018,S-DEC,
Danielle Taylor,JJ Aldrich,1/14/2018,U-DEC,
Mads Burnell,Mike Santiago,1/14/2018,U-DEC,
Cris Cyborg,Holly Holm,12/30/2017,,
Khabib Nurmagomedov,Edson Barboza,12/30/2017,U-DEC,
Dan Hooker,Marc Diakiese,12/30/2017,SUB,Guillotine Choke
Cynthia Calvillo,Carla Esparza,12/30/2017,U-DEC,
Carlos Condit,Neil Magny,12/30/2017,U-DEC,
Myles Jury,Rick Glenn,12/30/2017,U-DEC,
Louis Smolka,Matheus Nicolau,12/30/2017,,
Tim Elliott,Mark De La Rosa,12/30/2017,SUB,Anaconda Choke
Robbie Lawler,Rafael Dos Anjos,12/16/2017,U-DEC,
Ricardo Lamas,Josh Emmett,12/16/2017,KO/TKO,Punch
Santiago Ponzinibbio,Mike Perry,12/16/2017,U-DEC,
Glover Teixeira,Misha Cirkunov,12/16/2017,KO/TKO,Punches
Jared Cannonier,Jan Blachowicz,12/16/2017,U-DEC,
Julian Marquez,Darren Stewart,12/16/2017,SUB,Guillotine Choke
Chad Laprise,Galore Bofando,12/16/2017,KO/TKO,Punches
Nordine Taleb,Danny Roberts,12/16/2017,KO/TKO,Kick
John Makdessi,Abel Trujillo,12/16/2017,U-DEC,
Alessio Di Chirico,Oluwale Bamgbose,12/16/2017,KO/TKO,Knee
Jordan Mein,Erick Silva,12/16/2017,U-DEC,
Cub Swanson,Brian Ortega,12/9/2017,SUB,Guillotine Choke
Jason Knight,Gabriel Benitez,12/9/2017,U-DEC,
Marlon Moraes,Aljamain Sterling,12/9/2017,KO/TKO,Knee
Scott Holtzman,Darrell Horcher,12/9/2017,U-DEC,
Eryk Anders,Markus Perez,12/9/2017,U-DEC,
Albert Morales,Benito Lopez,12/9/2017,U-DEC,
Alexis Davis,Liz Carmouche,12/9/2017,S-DEC,
Luke Sanders,Andre Soukhamthath,12/9/2017,KO/TKO,Punches
Carls John De Tomas,Alex Perez,12/9/2017,SUB,Anaconda Choke
Frankie Saenz,Merab Dvalishvili,12/9/2017,S-DEC,
Alejandro Perez,Iuri Alcantara,12/9/2017,U-DEC,
Chris Gruetzemacher,Davi Ramos,12/9/2017,SUB,Rear Naked Choke
Antonio Braga Neto,Trevin Giles,12/9/2017,KO/TKO,Punches
Max Holloway,Jose Aldo,12/2/2017,KO/TKO,Punches
Alistair Overeem,Francis Ngannou,12/2/2017,KO/TKO,Punch
Henry Cejudo,Sergio Pettis,12/2/2017,U-DEC,
Eddie Alvarez,Justin Gaethje,12/2/2017,KO/TKO,Knee
Tecia Torres,Michelle Waterson,12/2/2017,U-DEC,
Charles Oliveira,Paul Felder,12/2/2017,KO/TKO,Elbows
Alex Oliveira,Yancy Medeiros,12/2/2017,KO/TKO,Punches
David Teymur,Drakkar Klose,12/2/2017,U-DEC,
Felice Herrig,Cortney Casey,12/2/2017,S-DEC,
Amanda Cooper,Angela Magana,12/2/2017,KO/TKO,Punches
Sabah Homasi,Abdul Razak Alhassan,12/2/2017,KO/TKO,Punches
Jeremy Kimball,Dominick Reyes,12/2/2017,SUB,Rear Naked Choke
Justin Willis,Allen Crowder,12/2/2017,KO/TKO,Punch
Nicco Montano,Roxanne Modafferi,12/1/2017,U-DEC,
Sean O'Malley,Terrion Ware,12/1/2017,U-DEC,
Barb Honchak,Lauren Murphy,12/1/2017,S-DEC,
Eric Spicely,Gerald Meerschaert,12/1/2017,KO/TKO,Kick
Joe Soto,Brett Johns,12/1/2017,SUB,Other - Lock
Christina Marks,Montana De La Rosa,12/1/2017,SUB,Armbar
Andrew Sanchez,Ryan Janes,12/1/2017,KO/TKO,Punch
Karine Gevorgyan,Rachael Ostovich,12/1/2017,SUB,Armbar
Ariel Beck,Shana Dobson,12/1/2017,KO/TKO,Punch
Gillian Robertson,Emily Whitmire,12/1/2017,SUB,Armbar
Michael Bisping,Kelvin Gastelum,11/25/2017,KO/TKO,Punch
Li Jingliang,Zak Ottow,11/25/2017,,
Wang Guan,Alex Caceres,11/25/2017,S-DEC,
Muslim Salikhov,Alex Garcia,11/25/2017,SUB,Rear Naked Choke
Zabit Magomedsharipov,Sheymon Moraes,11/25/2017,SUB,Anaconda Choke
Song Kenan,Bobby Nash,11/25/2017,,
Kailin Curran,Yan Xiaonan,11/25/2017,,
Song Yadong,Bharat Kandare,11/25/2017,SUB,Guillotine Choke
Chase Sherman,Shamil Abdurakhimov,11/25/2017,KO/TKO,Punches
Wu Yanan,Gina Mazany,11/25/2017,,
Wuliji Buren,Rolando Dy,11/25/2017,U-DEC,
Cyril Asker,Hu Yaozong,11/25/2017,SUB,Rear Naked Choke
Fabricio Werdum,Marcin Tybura,11/18/2017,U-DEC,
Bec Rawlings,Jessica-Rose Clark,11/18/2017,S-DEC,
Tim Means,Belal Muhammad,11/18/2017,S-DEC,
Jake Matthews,Bojan Velickovic,11/18/2017,S-DEC,
Elias Theodorou,Daniel Kelly,11/18/2017,U-DEC,
Alexander Volkanovski,Shane Young,11/18/2017,U-DEC,
Ryan Benoit,Ashkan Mokhtarian,11/18/2017,KO/TKO,Kick
Nik Lentz,Will Brooks,11/18/2017,SUB,Guillotine Choke
Rashad Coulter,Tai Tuivasa,11/18/2017,KO/TKO,Flying Knee
Damien Brown,Frank Camacho,11/18/2017,S-DEC,
Alex Chambers,Nadia Kassem,11/18/2017,U-DEC,
Jenel Lausa,Eric Shelton,11/18/2017,U-DEC,
Anthony Hamilton,Adam Wieczorek,11/18/2017,U-DEC,
Dustin Poirier,Anthony Pettis,11/11/2017,KO/TKO,
Matt Brown,Diego Sanchez,11/11/2017,KO/TKO,Elbow
Junior Albini,Andrei Arlovski,11/11/2017,U-DEC,
Nate Marquardt,Cezar Ferreira,11/11/2017,S-DEC,
Raphael Assuncao,Matthew Lopez,11/11/2017,KO/TKO,Punch
Joe Lauzon,Clay Guida,11/11/2017,KO/TKO,Punch
John Dodson,Marlon Moraes,11/11/2017,S-DEC,
Tatiana Suarez,Viviane Pereira,11/11/2017,U-DEC,
Sage Northcutt,Michel Quinones,11/11/2017,U-DEC,
Angela Hill,Nina Ansaroff,11/11/2017,U-DEC,
Court McGee,Sean Strickland,11/11/2017,U-DEC,
Jake Collier,Marcel Fortuna,11/11/2017,U-DEC,
Darren Stewart,Karl Roberson,11/11/2017,SUB,Rear Naked Choke
Michael Bisping,Georges St-Pierre,11/4/2017,SUB,Rear Naked Choke
Cody Garbrandt,TJ Dillashaw,11/4/2017,KO/TKO,Punch
Joanna Jedrzejczyk,Rose Namajunas,11/4/2017,KO/TKO,Punch
Stephen Thompson,Jorge Masvidal,11/4/2017,U-DEC,
Johny Hendricks,Paulo Costa,11/4/2017,KO/TKO,Punches
James Vick,Joe Duffy,11/4/2017,KO/TKO,Punch
Walt Harris,Mark Godbeer,11/4/2017,DQ,
Ovince Saint Preux,Corey Anderson,11/4/2017,KO/TKO,Kick
Randy Brown,Mickey Gall,11/4/2017,U-DEC,
Aleksei Oleinik,Curtis Blaydes,11/4/2017,KO/TKO,
Aiemann Zahabi,Ricardo Ramos,11/4/2017,KO/TKO,Elbow
Derek Brunson,Lyoto Machida,10/28/2017,KO/TKO,Punch
Demian Maia,Colby Covington,10/28/2017,U-DEC,
Pedro Munhoz,Rob Font,10/28/2017,SUB,Guillotine Choke
Francisco Trinaldo,Jim Miller,10/28/2017,U-DEC,
Thiago Santos,Jack Hermansson,10/28/2017,KO/TKO,Punch
John Lineker,Marlon Vera,10/28/2017,U-DEC,
Vicente Luque,Niko Price,10/28/2017,SUB,D'Arce Choke
Antonio Carlos Junior,Jack Marshman,10/28/2017,SUB,Rear Naked Choke
Hacran Dias,Jared Gordon,10/28/2017,U-DEC,
Elizeu Zaleski dos Santos,Max Griffin,10/28/2017,U-DEC,
Deiveson Figueiredo,Jarred Brooks,10/28/2017,S-DEC,
Marcelo Golm,Christian Colombo,10/28/2017,SUB,Rear Naked Choke
Donald Cerrone,Darren Till,10/21/2017,KO/TKO,Punch
Karolina Kowalkiewicz,Jodie Esquibel,10/21/2017,U-DEC,
Jan Blachowicz,Devin Clark,10/21/2017,SUB,Rear Naked Choke
Oskar Piechota,Jonathan Wilson,10/21/2017,U-DEC,
Marcin Held,Nasrat Haqparast,10/21/2017,U-DEC,
Damian Stasiak,Brian Kelleher,10/21/2017,KO/TKO,Punch
Sam Alvey,Ramazan Emeev,10/21/2017,U-DEC,
Artem Lobov,Andre Fili,10/21/2017,U-DEC,
Salim Touahri,Warlley Alves,10/21/2017,U-DEC,
Lina Lansberg,Aspen Ladd,10/21/2017,KO/TKO,Punches
Felipe Arantes,Josh Emmett,10/21/2017,U-DEC,
Tony Ferguson,Kevin Lee,10/7/2017,SUB,Triangle Choke
Demetrious Johnson,Ray Borg,10/7/2017,SUB,Armbar
Fabricio Werdum,Walt Harris,10/7/2017,SUB,Armbar
Mara Romero Borella,Kalindra Faria,10/7/2017,SUB,Rear Naked Choke
Tom Duquesnoy,Cody Stamann,10/7/2017,S-DEC,
Pearl Gonzalez,Poliana Botelho,10/7/2017,U-DEC,
Matt Schnell,Marco Beltran,10/7/2017,U-DEC,
John Moraga,Magomed Bibulatov,10/7/2017,KO/TKO,Punch
Thales Leites,Brad Tavares,10/7/2017,U-DEC,
Ovince Saint Preux,Yushin Okami,9/22/2017,SUB,Other - Choke
Claudia Gadelha,Jessica Andrade,9/22/2017,U-DEC,
Takanori Gomi,Dong Hyun Ma,9/22/2017,KO/TKO,Punch
Gokhan Saki,Henrique da Silva,9/22/2017,KO/TKO,Punch
Teruto Ishihara,Rolando Dy,9/22/2017,U-DEC,
Jussier Formiga,Ulka Sasaki,9/22/2017,,
Keita Nakamura,Alex Morono,9/22/2017,S-DEC,
Syuri Kondo,Chanmi Jeon,9/22/2017,,
Shinsho Anzai,Luke Jumeau,9/22/2017,U-DEC,
Daichi Abe,Hyun Gyu Lim,9/22/2017,U-DEC,
Luke Rockhold,David Branch,9/16/2017,KO/TKO,Punches
Mike Perry,Alex Reyes,9/16/2017,KO/TKO,Knee
Hector Lombard,Anthony Smith,9/16/2017,KO/TKO,Punches
Gregor Gillespie,Jason Gonzalez,9/16/2017,SUB,Arm Triangle
Kamaru Usman,Sergio Moraes,9/16/2017,KO/TKO,Punch
Justin Ledet,Zu Anyanwu,9/16/2017,,
Anthony Rocco Martin,Olivier Aubin-Mercier,9/16/2017,S-DEC,
Anthony Hamilton,Daniel Spitz,9/16/2017,KO/TKO,Punches
Krzysztof Jotko,Uriah Hall,9/16/2017,KO/TKO,Punches
Jason Saggo,Gilbert Burns,9/16/2017,KO/TKO,Punch
Amanda Nunes,Valentina Shevchenko,9/9/2017,S-DEC,
Neil Magny,Rafael Dos Anjos,9/9/2017,SUB,Arm Triangle
Henry Cejudo,Wilson Reis,9/9/2017,KO/TKO,Punch
Ilir Latifi,Tyson Pedro,9/9/2017,U-DEC,
Jeremy Stephens,Gilbert Melendez,9/9/2017,U-DEC,
Sara McMann,Ketlen Vieira,9/9/2017,SUB,Arm Triangle
Sarah Moras,Ashlee Evans-Smith,9/9/2017,SUB,Armbar
Gavin Tucker,Rick Glenn,9/9/2017,U-DEC,
Mitch Clarke,Alex White,9/9/2017,KO/TKO,Punch
Luis Henrique,Arjan Bhullar,9/9/2017,U-DEC,
Kajan Johnson,Adriano Martins,9/9/2017,KO/TKO,Punch
Alexander Volkov,Stefan Struve,9/2/2017,KO/TKO,Punch
Siyar Bahadurzada,Rob Wilkinson,9/2/2017,KO/TKO,Punch
Marion Reneau,Talita Bernardo,9/2/2017,KO/TKO,Punches
Leon Edwards,Bryan Barberena,9/2/2017,U-DEC,
Darren Till,Bojan Velickovic,9/2/2017,U-DEC,
Mairbek Taisumov,Felipe Silva,9/2/2017,KO/TKO,Punch
Michel Prazeres,Mads Burnell,9/2/2017,SUB,North-South Choke
Rustam Khabilov,Desmond Green,9/2/2017,U-DEC,
Francimar Barroso,Aleksandar Rakic,9/2/2017,U-DEC,
Mike Santiago,Zabit Magomedsharipov,9/2/2017,SUB,Rear Naked Choke
Bojan Mihajlovic,Abdul-Kerim Edilov,9/2/2017,KO/TKO,Punches
Thibault Gouti,Andrew Holbrook,9/2/2017,KO/TKO,Punches
Sergio Pettis,Brandon Moreno,8/5/2017,U-DEC,
Randa Markos,Alexa Grasso,8/5/2017,S-DEC,
Alan Jouban,Niko Price,8/5/2017,KO/TKO,Punch
Martin Bravo,Humberto Bandenay,8/5/2017,KO/TKO,Kick
Sam Alvey,Rashad Evans,8/5/2017,S-DEC,
Alejandro Perez,Andre Soukhamthath,8/5/2017,S-DEC,
Bradley Scott,Jack Hermansson,8/5/2017,,
Dustin Ortiz,Hector Sandoval,8/5/2017,KO/TKO,Punch
Henry Briones,Rani Yahya,8/5/2017,SUB,Kimura
Jose Quinonez,Diego Rivas,8/5/2017,U-DEC,
Joseph Morales,Roberto Sanchez,8/5/2017,,
Alvaro Herrera,Jordan Rinaldi,8/5/2017,,
Tyron Woodley,Demian Maia,7/29/2017,U-DEC,
Cris Cyborg,Tonya Evinger,7/29/2017,,
Robbie Lawler,Donald Cerrone,7/29/2017,U-DEC,
Jimi Manuwa,Volkan Oezdemir,7/29/2017,KO/TKO,Punches
Ricardo Lamas,Jason Knight,7/29/2017,KO/TKO,Punches
Aljamain Sterling,Renan Barao,7/29/2017,U-DEC,
Brian Ortega,Renato Moicano,7/29/2017,SUB,Guillotine Choke
Andre Fili,Calvin Kattar,7/29/2017,U-DEC,
Kailin Curran,Alexandra Albu,7/29/2017,,
Eric Shelton,Jarred Brooks,7/29/2017,S-DEC,
Joshua Burkman,Drew Dober,7/29/2017,KO/TKO,Punch
Chris Weidman,Kelvin Gastelum,7/22/2017,SUB,Arm Triangle
Dennis Bermudez,Darren Elkins,7/22/2017,S-DEC,
Patrick Cummins,Gian Villante,7/22/2017,S-DEC,
Jimmie Rivera,Thomas Almeida,7/22/2017,U-DEC,
Lyman Good,Elizeu Zaleski dos Santos,7/22/2017,S-DEC,
Rafael Natal,Eryk Anders,7/22/2017,KO/TKO,Punch
Ryan LaFlare,Alex Oliveira,7/22/2017,KO/TKO,Punch
Damian Grabowski,Chase Sherman,7/22/2017,U-DEC,
Kyle Bochniak,Jeremy Kennedy,7/22/2017,U-DEC,
Brian Kelleher,Marlon Vera,7/22/2017,SUB,Armbar
Tim Johnson,Junior Albini,7/22/2017,,
Shane Burgos,Godofredo Pepey,7/22/2017,U-DEC,
Frankie Perez,Chris Wade,7/22/2017,U-DEC,
Gunnar Nelson,Santiago Ponzinibbio,7/16/2017,KO/TKO,Punches
Joanne Calderwood,Cynthia Calvillo,7/16/2017,U-DEC,
Stevie Ray,Paul Felder,7/16/2017,KO/TKO,Elbow
Jack Marshman,Ryan Janes,7/16/2017,U-DEC,
Khalil Rountree Jr.,Paul Craig,7/16/2017,KO/TKO,Punch
James Mulheron,Justin Willis,7/16/2017,U-DEC,
Danny Roberts,Bobby Nash,7/16/2017,KO/TKO,Punch
Alexandre Pantoja,Neil Seery,7/16/2017,SUB,Rear Naked Choke
Charlie Ward,Galore Bofando,7/16/2017,KO/TKO,Slam
Danny Henry,Daniel Teymur,7/16/2017,U-DEC,
Brett Johns,Albert Morales,7/16/2017,U-DEC,
Leslie Smith,Amanda Lemos,7/16/2017,KO/TKO,Elbows
Yoel Romero,Robert Whittaker,7/8/2017,U-DEC,
Fabricio Werdum,Alistair Overeem,7/8/2017,M-DEC,
Daniel Omielanczuk,Curtis Blaydes,7/8/2017,U-DEC,
Anthony Pettis,Jim Miller,7/8/2017,U-DEC,
Rob Font,Douglas Silva de Andrade,7/8/2017,SUB,Guillotine Choke
Travis Browne,Aleksei Oleinik,7/8/2017,SUB,Rear Naked Choke
Chad Laprise,Brian Camozzi,7/8/2017,KO/TKO,Punch
Thiago Santos,Gerald Meerschaert,7/8/2017,KO/TKO,Punches
Jordan Mein,Belal Muhammad,7/8/2017,U-DEC,
Cody Stamann,Terrion Ware,7/8/2017,U-DEC,
Trevin Giles,James Bochnovic,7/8/2017,KO/TKO,Punch
Michael Johnson,Justin Gaethje,7/7/2017,KO/TKO,Knees
Dhiego Lima,Jesse Taylor,7/7/2017,SUB,Rear Naked Choke
Jared Cannonier,Nick Roehrick,7/7/2017,KO/TKO,Elbows
Brad Tavares,Elias Theodorou,7/7/2017,U-DEC,
Jordan Johnson,Marcel Fortuna,7/7/2017,U-DEC,
Angela Hill,Ashley Yoder,7/7/2017,U-DEC,
James Krause,Tom Gallicchio,7/7/2017,U-DEC,
Ed Herman,CB Dollaway,7/7/2017,U-DEC,
Tecia Torres,Juliana Lima,7/7/2017,SUB,Rear Naked Choke
Gray Maynard,Teruto Ishihara,7/7/2017,U-DEC,
Michael Chiesa,Kevin Lee,6/25/2017,SUB,Rear Naked Choke
Tim Boetsch,Johny Hendricks,6/25/2017,KO/TKO,Punches
Felice Herrig,Justine Kish,6/25/2017,U-DEC,
Tim Means,Alex Garcia,6/25/2017,U-DEC,
BJ Penn,Dennis Siver,6/25/2017,M-DEC,
Clay Guida,Erik Koch,6/25/2017,U-DEC,
Vitor Miranda,Marvin Vettori,6/25/2017,U-DEC,
Devin Powell,Darrell Horcher,6/25/2017,S-DEC,
Jared Gordon,Michel Quinones,6/25/2017,KO/TKO,Punches
Anthony Rocco Martin,Johnny Case,6/25/2017,U-DEC,
Josh Stansbury,Jeremy Kimball,6/25/2017,KO/TKO,Punches
Holly Holm,Bethe Correia,6/17/2017,KO/TKO,Kick
Andrei Arlovski,Marcin Tybura,6/17/2017,U-DEC,
Dong Hyun Kim,Colby Covington,6/17/2017,U-DEC,
Tarec Saffiedine,Rafael Dos Anjos,6/17/2017,U-DEC,
Takanori Gomi,Jon Tuck,6/17/2017,SUB,Rear Naked Choke
Cyril Asker,Walt Harris,6/17/2017,KO/TKO,Elbows
Alex Caceres,Rolando Dy,6/17/2017,KO/TKO,
Justin Scoggins,Ulka Sasaki,6/17/2017,,
Kwan Ho Kwak,Russell Doane,6/17/2017,KO/TKO,Punches
Naoki Inoue,Carls John De Tomas,6/17/2017,U-DEC,
Ji Yeon Kim,Lucie Pudilova,6/17/2017,U-DEC,
Derrick Lewis,Mark Hunt,6/10/2017,KO/TKO,Punches
Derek Brunson,Daniel Kelly,6/10/2017,KO/TKO,Punch
Dan Hooker,Ross Pearson,6/10/2017,KO/TKO,Knee
Ion Cutelaba,Henrique da Silva,6/10/2017,KO/TKO,Punch
Tim Elliott,Ben Nguyen,6/10/2017,SUB,Rear Naked Choke
Alexander Volkanovski,Mizuto Hirota,6/10/2017,U-DEC,
Damien Brown,Vinc Pichel,6/10/2017,KO/TKO,Punch
Luke Jumeau,Dominique Steele,6/10/2017,U-DEC,
John Moraga,Ashkan Mokhtarian,6/10/2017,U-DEC,
Kiichi Kunimoto,Zak Ottow,6/10/2017,S-DEC,
JJ Aldrich,Chanmi Jeon,6/10/2017,,
Jose Aldo,Max Holloway,6/3/2017,KO/TKO,Punches
Claudia Gadelha,Karolina Kowalkiewicz,6/3/2017,SUB,Rear Naked Choke
Vitor Belfort,Nate Marquardt,6/3/2017,U-DEC,
Paulo Costa,Oluwale Bamgbose,6/3/2017,KO/TKO,Punches
Erick Silva,Yancy Medeiros,6/3/2017,KO/TKO,Punch
Raphael Assuncao,Marlon Moraes,6/3/2017,S-DEC,
Johnny Eduardo,Matthew Lopez,6/3/2017,KO/TKO,Punches
Iuri Alcantara,Brian Kelleher,6/3/2017,SUB,Guillotine Choke
Viviane Pereira,Jamie Moyle,6/3/2017,U-DEC,
Luan Chagas,Jimmy Wallhead,6/3/2017,,
Alexander Gustafsson,Glover Teixeira,5/28/2017,KO/TKO,Punches
Volkan Oezdemir,Misha Cirkunov,5/28/2017,KO/TKO,Punch
Peter Sobotta,Ben Saunders,5/28/2017,KO/TKO,Knee
Abdul Razak Alhassan,Omari Akhmedov,5/28/2017,S-DEC,
Oliver Enkamp,Nordine Taleb,5/28/2017,U-DEC,
Jack Hermansson,Alex Nicholson,5/28/2017,KO/TKO,Punches
Pedro Munhoz,Damian Stasiak,5/28/2017,U-DEC,
Trevor Smith,Chris Camozzi,5/28/2017,U-DEC,
Reza Madadi,Joaquim Silva,5/28/2017,S-DEC,
Nico Musoke,Bojan Velickovic,5/28/2017,,
Darren Till,Jessin Ayari,5/28/2017,U-DEC,
Marcin Held,Damir Hadzovic,5/28/2017,KO/TKO,Knee
Stipe Miocic,Junior Dos Santos,5/13/2017,KO/TKO,Punch
Joanna Jedrzejczyk,Jessica Andrade,5/13/2017,U-DEC,
Demian Maia,Jorge Masvidal,5/13/2017,S-DEC,
Frankie Edgar,Yair Rodriguez,5/13/2017,KO/TKO,
Krzysztof Jotko,David Branch,5/13/2017,S-DEC,
Chas Skelly,Jason Knight,5/13/2017,KO/TKO,Punch
Chase Sherman,Rashad Coulter,5/13/2017,KO/TKO,Elbow
James Vick,Polo Reyes,5/13/2017,,
Jessica Aguilar,Cortney Casey,5/13/2017,U-DEC,
Gabriel Benitez,Enrique Barzola,5/13/2017,U-DEC,
Joachim Christensen,Gadzhimurad Antigulov,5/13/2017,SUB,Rear Naked Choke
Cub Swanson,Artem Lobov,4/22/2017,U-DEC,
Al Iaquinta,Diego Sanchez,4/22/2017,KO/TKO,Punch
Ovince Saint Preux,Marcos Rogerio de Lima,4/22/2017,SUB,Other - Choke
John Dodson,Eddie Wineland,4/22/2017,U-DEC,
Joe Lauzon,Stevie Ray,4/22/2017,M-DEC,
Jake Ellenberger,Mike Perry,4/22/2017,KO/TKO,Elbow
Thales Leites,Sam Alvey,4/22/2017,U-DEC,
Dustin Ortiz,Brandon Moreno,4/22/2017,SUB,Rear Naked Choke
Scott Holtzman,Michael McBride,4/22/2017,U-DEC,
Jessica Penne,Danielle Taylor,4/22/2017,U-DEC,
Alexis Davis,Cindy Dandois,4/22/2017,U-DEC,
Bryan Barberena,Joe Proctor,4/22/2017,KO/TKO,Punch
Hector Sandoval,Matt Schnell,4/22/2017,KO/TKO,Punch
Demetrious Johnson,Wilson Reis,4/15/2017,SUB,Armbar
Rose Namajunas,Michelle Waterson,4/15/2017,SUB,Rear Naked Choke
Jacare Souza,Robert Whittaker,4/15/2017,KO/TKO,Kick
Jeremy Stephens,Renato Moicano,4/15/2017,S-DEC,
Alexander Volkov,Roy Nelson,4/15/2017,U-DEC,
Patrick Williams,Tom Duquesnoy,4/15/2017,KO/TKO,Elbows
Bobby Green,Rashid Magomedov,4/15/2017,S-DEC,
Louis Smolka,Tim Elliott,4/15/2017,U-DEC,
Aljamain Sterling,Augusto Mendes,4/15/2017,U-DEC,
Devin Clark,Jake Collier,4/15/2017,U-DEC,
Anthony Smith,Andrew Sanchez,4/15/2017,KO/TKO,Kick
Zak Cummings,Nathan Coy,4/15/2017,SUB,Guillotine Choke
Ashlee Evans-Smith,Ketlen Vieira,4/15/2017,U-DEC,
Daniel Cormier,Anthony Johnson,4/8/2017,SUB,Rear Naked Choke
Chris Weidman,Gegard Mousasi,4/8/2017,KO/TKO,Knee
Cynthia Calvillo,Pearl Gonzalez,4/8/2017,SUB,Rear Naked Choke
Thiago Alves,Patrick Cote,4/8/2017,U-DEC,
Will Brooks,Charles Oliveira,4/8/2017,SUB,Rear Naked Choke
Myles Jury,Mike de la Torre,4/8/2017,KO/TKO,Punches
Kamaru Usman,Sean Strickland,4/8/2017,U-DEC,
Shane Burgos,Charles Rosa,4/8/2017,KO/TKO,Punch
Patrick Cummins,Jan Blachowicz,4/8/2017,U-DEC,
Gregor Gillespie,Andrew Holbrook,4/8/2017,KO/TKO,Punch
Josh Emmett,Desmond Green,4/8/2017,S-DEC,
Katlyn Chookagian,Irene Aldana,4/8/2017,S-DEC,
Jenel Lausa,Magomed Bibulatov,4/8/2017,U-DEC,
Jimi Manuwa,Corey Anderson,3/18/2017,KO/TKO,Punch
Gunnar Nelson,Alan Jouban,3/18/2017,SUB,Guillotine Choke
Brad Pickett,Marlon Vera,3/18/2017,KO/TKO,Kick
Arnold Allen,Makwan Amirkhani,3/18/2017,S-DEC,
Joe Duffy,Reza Madadi,3/18/2017,U-DEC,
Darren Stewart,Francimar Barroso,3/18/2017,U-DEC,
Daniel Omielanczuk,Tim Johnson,3/18/2017,,
Leon Edwards,Vicente Luque,3/18/2017,U-DEC,
Marc Diakiese,Teemu Packalen,3/18/2017,KO/TKO,Punch
Bradley Scott,Scott Askham,3/18/2017,,
Lina Lansberg,Lucie Pudilova,3/18/2017,U-DEC,
Mauricio Rua,Gian Villante,3/11/2017,KO/TKO,Punch
Edson Barboza,Beneil Dariush,3/11/2017,KO/TKO,Flying Knee
Jussier Formiga,Ray Borg,3/11/2017,U-DEC,
Alex Oliveira,Tim Means,3/11/2017,SUB,Rear Naked Choke
Francisco Trinaldo,Kevin Lee,3/11/2017,SUB,Rear Naked Choke
Sergio Moraes,Davi Ramos,3/11/2017,U-DEC,
Rani Yahya,Joe Soto,3/11/2017,U-DEC,
Michel Prazeres,Joshua Burkman,3/11/2017,SUB,North-South Choke
Rony Jason,Jeremy Kennedy,3/11/2017,U-DEC,
Garreth McLellan,Paulo Costa,3/11/2017,KO/TKO,Punch
Tyron Woodley,Stephen Thompson,3/4/2017,M-DEC,
Lando Vannata,David Teymur,3/4/2017,U-DEC,
Rashad Evans,Daniel Kelly,3/4/2017,S-DEC,
Amanda Cooper,Cynthia Calvillo,3/4/2017,SUB,Rear Naked Choke
Alistair Overeem,Mark Hunt,3/4/2017,KO/TKO,Knees
Marcin Tybura,Luis Henrique,3/4/2017,KO/TKO,Punches
Mirsad Bektic,Darren Elkins,3/4/2017,KO/TKO,Kick
Iuri Alcantara,Luke Sanders,3/4/2017,SUB,Kneebar
Mark Godbeer,Daniel Spitz,3/4/2017,U-DEC,
Tyson Pedro,Paul Craig,3/4/2017,KO/TKO,Elbows
Albert Morales,Andre Soukhamthath,3/4/2017,S-DEC,
Derrick Lewis,Travis Browne,2/19/2017,KO/TKO,Punch
Johny Hendricks,Hector Lombard,2/19/2017,U-DEC,
Sam Sicilia,Gavin Tucker,2/19/2017,U-DEC,
Elias Theodorou,Cezar Ferreira,2/19/2017,U-DEC,
Sara McMann,Gina Mazany,2/19/2017,SUB,Arm Triangle
Paul Felder,Alessandro Ricci,2/19/2017,,
Nordine Taleb,Santiago Ponzinibbio,2/19/2017,U-DEC,
Carla Esparza,Randa Markos,2/19/2017,S-DEC,
Aiemann Zahabi,Reginaldo Vieira,2/19/2017,U-DEC,
Jack Marshman,Thiago Santos,2/19/2017,KO/TKO,Kick
Gerald Meerschaert,Ryan Janes,2/19/2017,SUB,Armbar
Holly Holm,Germaine de Randamie,2/11/2017,U-DEC,
Anderson Silva,Derek Brunson,2/11/2017,U-DEC,
Jacare Souza,Tim Boetsch,2/11/2017,SUB,Kimura
Glover Teixeira,Jared Cannonier,2/11/2017,U-DEC,
Dustin Poirier,Jim Miller,2/11/2017,M-DEC,
Randy Brown,Belal Muhammad,2/11/2017,U-DEC,
Wilson Reis,Ulka Sasaki,2/11/2017,,
Nik Lentz,Islam Makhachev,2/11/2017,U-DEC,
Rick Glenn,Phillipe Nover,2/11/2017,S-DEC,
Ryan LaFlare,Roan Carneiro,2/11/2017,U-DEC,
Dennis Bermudez,Chan Sung Jung,2/4/2017,KO/TKO,Punch
Alexa Grasso,Felice Herrig,2/4/2017,U-DEC,
Abel Trujillo,James Vick,2/4/2017,SUB,D'Arce Choke
Ovince Saint Preux,Volkan Oezdemir,2/4/2017,S-DEC,
Anthony Hamilton,Marcel Fortuna,2/4/2017,KO/TKO,Punch
Jessica Andrade,Angela Hill,2/4/2017,U-DEC,
Chas Skelly,Chris Gruetzemacher,2/4/2017,SUB,Rear Naked Choke
Ricardo Ramos,Michinori Tanaka,2/4/2017,U-DEC,
Tecia Torres,Bec Rawlings,2/4/2017,U-DEC,
Daniel Jolly,Khalil Rountree Jr.,2/4/2017,KO/TKO,Knees
Valentina Shevchenko,Julianna Pena,1/28/2017,SUB,Armbar
Donald Cerrone,Jorge Masvidal,1/28/2017,KO/TKO,Punches
Andrei Arlovski,Francis Ngannou,1/28/2017,KO/TKO,Punch
Alex Caceres,Jason Knight,1/28/2017,SUB,Rear Naked Choke
Nate Marquardt,Sam Alvey,1/28/2017,U-DEC,
Raphael Assuncao,Aljamain Sterling,1/28/2017,S-DEC,
Bobby Nash,Li Jingliang,1/28/2017,,
Henrique da Silva,Jordan Johnson,1/28/2017,U-DEC,
Eric Spicely,Alessio Di Chirico,1/28/2017,SUB,Triangle Choke
Marcos Rogerio de Lima,Jeremy Kimball,1/28/2017,KO/TKO,Punches
Alexandre Pantoja,Eric Shelton,1/28/2017,S-DEC,
Jason Gonzalez,JC Cottrell,1/28/2017,SUB,D'Arce Choke
Yair Rodriguez,BJ Penn,1/15/2017,KO/TKO,Punches
Joe Lauzon,Marcin Held,1/15/2017,S-DEC,
Court McGee,Ben Saunders,1/15/2017,U-DEC,
John Moraga,Sergio Pettis,1/15/2017,U-DEC,
Devin Powell,Drakkar Klose,1/15/2017,U-DEC,
Frankie Saenz,Augusto Mendes,1/15/2017,S-DEC,
Aleksei Oleinik,Viktor Pesta,1/15/2017,SUB,Other - Choke
Anthony Rocco Martin,Alex White,1/15/2017,U-DEC,
Jocelyn Jones-Lybarger,Nina Ansaroff,1/15/2017,SUB,Rear Naked Choke
Walt Harris,Chase Sherman,1/15/2017,KO/TKO,Knee
Bojan Mihajlovic,Joachim Christensen,1/15/2017,KO/TKO,Punches
Dmitrii Smoliakov,Cyril Asker,1/15/2017,KO/TKO,Punches
Amanda Nunes,Ronda Rousey,12/30/2016,KO/TKO,Punches
Dominick Cruz,Cody Garbrandt,12/30/2016,U-DEC,
TJ Dillashaw,John Lineker,12/30/2016,U-DEC,
Dong Hyun Kim,Tarec Saffiedine,12/30/2016,S-DEC,
Louis Smolka,Ray Borg,12/30/2016,U-DEC,
Johny Hendricks,Neil Magny,12/30/2016,U-DEC,
Antonio Carlos Junior,Marvin Vettori,12/30/2016,U-DEC,
Mike Pyle,Alex Garcia,12/30/2016,KO/TKO,Punch
Brandon Thatch,Niko Price,12/30/2016,SUB,Arm Triangle
Paige VanZant,Michelle Waterson,12/17/2016,SUB,Rear Naked Choke
Sage Northcutt,Mickey Gall,12/17/2016,SUB,Rear Naked Choke
Urijah Faber,Brad Pickett,12/17/2016,U-DEC,
Alan Jouban,Mike Perry,12/17/2016,U-DEC,
Henrique da Silva,Paul Craig,12/17/2016,SUB,Armbar
Cole Miller,Mizuto Hirota,12/17/2016,U-DEC,
Bryan Barberena,Colby Covington,12/17/2016,U-DEC,
James Moontasri,Alex Morono,12/17/2016,U-DEC,
Josh Emmett,Scott Holtzman,12/17/2016,U-DEC,
Leslie Smith,Irene Aldana,12/17/2016,U-DEC,
Eddie Wineland,Takeya Mizugaki,12/17/2016,KO/TKO,Punches
Hector Sandoval,Fredy Serrano,12/17/2016,U-DEC,
Bojan Velickovic,Sultan Aliev,12/17/2016,S-DEC,
Max Holloway,Anthony Pettis,12/10/2016,KO/TKO,Punches
Donald Cerrone,Matt Brown,12/10/2016,KO/TKO,Kick
Cub Swanson,Dooho Choi,12/10/2016,U-DEC,
Tim Kennedy,Kelvin Gastelum,12/10/2016,KO/TKO,Punches
Jordan Mein,Emil Meek,12/10/2016,U-DEC,
Nikita Krylov,Misha Cirkunov,12/10/2016,SUB,Guillotine Choke
Olivier Aubin-Mercier,Drew Dober,12/10/2016,SUB,Rear Naked Choke
Valerie Letourneau,Viviane Pereira,12/10/2016,S-DEC,
Mitch Gagnon,Matthew Lopez,12/10/2016,U-DEC,
John Makdessi,Lando Vannata,12/10/2016,KO/TKO,Kick
Jason Saggo,Rustam Khabilov,12/10/2016,U-DEC,
Zach Makovsky,Dustin Ortiz,12/10/2016,S-DEC,
Derrick Lewis,Shamil Abdurakhimov,12/9/2016,KO/TKO,Punches
Francis Ngannou,Anthony Hamilton,12/9/2016,SUB,Kimura
Corey Anderson,Sean O'Connell,12/9/2016,KO/TKO,Punches
Gian Villante,Saparbeg Safarov,12/9/2016,KO/TKO,Punches
Justine Kish,Ashley Yoder,12/9/2016,U-DEC,
Randy Brown,Brian Camozzi,12/9/2016,KO/TKO,Knee
Joe Gigliotti,Gerald Meerschaert,12/9/2016,,
Andrew Sanchez,Trevor Smith,12/9/2016,U-DEC,
Tiago Trator,Shane Burgos,12/9/2016,,
Frankie Perez,Marc Diakiese,12/9/2016,U-DEC,
Keith Berish,Ryan Janes,12/9/2016,U-DEC,
Juliana Lima,JJ Aldrich,12/9/2016,U-DEC,
Demetrious Johnson,Tim Elliott,12/3/2016,U-DEC,
Joseph Benavidez,Henry Cejudo,12/3/2016,S-DEC,
Jake Ellenberger,Jorge Masvidal,12/3/2016,KO/TKO,Punches
Ion Cutelaba,Jared Cannonier,12/3/2016,U-DEC,
Sara McMann,Alexis Davis,12/3/2016,SUB,Arm Triangle
Brandon Moreno,Ryan Benoit,12/3/2016,S-DEC,
Gray Maynard,Ryan Hall,12/3/2016,U-DEC,
Rob Font,Matt Schnell,12/3/2016,KO/TKO,Punch
Dong Hyun Ma,Brendan O'Reilly,12/3/2016,U-DEC,
Kailin Curran,Jamie Moyle,12/3/2016,U-DEC,
Elvis Mutapcic,Anthony Smith,12/3/2016,KO/TKO,Elbow
Josh Stansbury,Devin Clark,12/3/2016,U-DEC,
Robert Whittaker,Derek Brunson,11/26/2016,KO/TKO,Kick
Jake Matthews,Andrew Holbrook,11/26/2016,S-DEC,
Kyle Noke,Omari Akhmedov,11/26/2016,U-DEC,
Yusuke Kasuya,Alexander Volkanovski,11/26/2016,KO/TKO,Punches
Khalil Rountree Jr.,Tyson Pedro,11/26/2016,SUB,Rear Naked Choke
Seohee Ham,Danielle Taylor,11/26/2016,,
Daniel Kelly,Chris Camozzi,11/26/2016,U-DEC,
Damien Brown,Jon Tuck,11/26/2016,S-DEC,
Richard Walsh,Jonathan Meunier,11/26/2016,U-DEC,
Ben Nguyen,Geane Herrera,11/26/2016,U-DEC,
Dan Hooker,Jason Knight,11/26/2016,U-DEC,
Marlon Vera,Ning Guangyou,11/26/2016,,
Yao Zhikui,Jenel Lausa,11/26/2016,U-DEC,
Ryan Bader,Rogerio Nogueira,11/19/2016,KO/TKO,Punches
Thomas Almeida,Albert Morales,11/19/2016,KO/TKO,Punches
Claudia Gadelha,Cortney Casey,11/19/2016,U-DEC,
Thales Leites,Krzysztof Jotko,11/19/2016,U-DEC,
Warlley Alves,Kamaru Usman,11/19/2016,U-DEC,
Sergio Moraes,Zak Ottow,11/19/2016,S-DEC,
Cezar Ferreira,Jack Hermansson,11/19/2016,SUB,Arm Triangle
Marcos Rogerio de Lima,Gadzhimurad Antigulov,11/19/2016,SUB,Guillotine Choke
Johnny Eduardo,Manvel Gamburyan,11/19/2016,KO/TKO,Punch
Luis Henrique,Christian Colombo,11/19/2016,SUB,Guillotine Choke
Pedro Munhoz,Justin Scoggins,11/19/2016,SUB,Guillotine Choke
Gegard Mousasi,Uriah Hall,11/19/2016,KO/TKO,Punches
Ross Pearson,Stevie Ray,11/19/2016,S-DEC,
Tim Johnson,Alexander Volkov,11/19/2016,,
Artem Lobov,Teruto Ishihara,11/19/2016,U-DEC,
Magnus Cedenblad,Jack Marshman,11/19/2016,KO/TKO,Punch
Kyoji Horiguchi,Ali Bagautinov,11/19/2016,U-DEC,
Kevin Lee,Magomed Mustafaev,11/19/2016,SUB,Rear Naked Choke
Anna Elmose,Amanda Cooper,11/19/2016,U-DEC,
Justin Ledet,Mark Godbeer,11/19/2016,SUB,Rear Naked Choke
Zak Cummings,Alexander Yakovlev,11/19/2016,SUB,Armbar
Marion Reneau,Milana Dudieva,11/19/2016,KO/TKO,Elbows
Brett Johns,Kwan Ho Kwak,11/19/2016,U-DEC,
Charlie Ward,Abdul Razak Alhassan,11/19/2016,KO/TKO,Punch
Eddie Alvarez,Conor McGregor,11/12/2016,KO/TKO,Punches
Joanna Jedrzejczyk,Karolina Kowalkiewicz,11/12/2016,U-DEC,
Chris Weidman,Yoel Romero,11/12/2016,KO/TKO,Flying Knee
Miesha Tate,Raquel Pennington,11/12/2016,U-DEC,
Frankie Edgar,Jeremy Stephens,11/12/2016,U-DEC,
Khabib Nurmagomedov,Michael Johnson,11/12/2016,SUB,Kimura
Rafael Natal,Tim Boetsch,11/12/2016,KO/TKO,Punches
Vicente Luque,Belal Muhammad,11/12/2016,KO/TKO,Punches
Jim Miller,Thiago Alves,11/12/2016,U-DEC,
Liz Carmouche,Katlyn Chookagian,11/12/2016,S-DEC,
Rafael Dos Anjos,Tony Ferguson,11/5/2016,U-DEC,
Diego Sanchez,Marcin Held,11/5/2016,U-DEC,
Ricardo Lamas,Charles Oliveira,11/5/2016,SUB,Guillotine Choke
Martin Bravo,Claudio Puelles,11/5/2016,KO/TKO,Punch
Beneil Dariush,Rashid Magomedov,11/5/2016,U-DEC,
Alexa Grasso,Heather Jo Clark,11/5/2016,,
Erik Perez,Felipe Arantes,11/5/2016,S-DEC,
Marco Beltran,Joe Soto,11/5/2016,SUB,Heel Hook
Erick Montano,Max Griffin,11/5/2016,KO/TKO,Punch
Henry Briones,Douglas Silva de Andrade,11/5/2016,KO/TKO,Spinning Back Fist
Sam Alvey,Alex Nicholson,11/5/2016,U-DEC,
Polo Reyes,Jason Novelli,11/5/2016,,
Enrique Barzola,Chris Avila,11/5/2016,U-DEC,
Michael Bisping,Dan Henderson,10/8/2016,U-DEC,
Vitor Belfort,Gegard Mousasi,10/8/2016,KO/TKO,Punches
Ovince Saint Preux,Jimi Manuwa,10/8/2016,KO/TKO,Punch
Stefan Struve,Daniel Omielanczuk,10/8/2016,SUB,D'Arce Choke
Mirsad Bektic,Russell Doane,10/8/2016,SUB,Rear Naked Choke
Brad Pickett,Iuri Alcantara,10/8/2016,SUB,Triangle Choke
Davey Grant,Damian Stasiak,10/8/2016,SUB,Armbar
Leon Edwards,Albert Tumenov,10/8/2016,SUB,Rear Naked Choke
Lukasz Sajewski,Marc Diakiese,10/8/2016,KO/TKO,Punches
Danny Roberts,Mike Perry,10/8/2016,KO/TKO,Knee
Leonardo Santos,Adriano Martins,10/8/2016,S-DEC,
John Lineker,John Dodson,10/1/2016,S-DEC,
Will Brooks,Alex Oliveira,10/1/2016,KO/TKO,Punches
Joshua Burkman,Zak Ottow,10/1/2016,S-DEC,
Louis Smolka,Brandon Moreno,10/1/2016,SUB,Guillotine Choke
Henrique da Silva,Joachim Christensen,10/1/2016,SUB,Armbar
Hacran Dias,Andre Fili,10/1/2016,U-DEC,
Shamil Abdurakhimov,Walt Harris,10/1/2016,S-DEC,
Keita Nakamura,Elizeu Zaleski dos Santos,10/1/2016,U-DEC,
Nate Marquardt,Tamdan McCrory,10/1/2016,KO/TKO,Kick
Jonathan Wilson,Ion Cutelaba,10/1/2016,U-DEC,
Cody East,Curtis Blaydes,10/1/2016,KO/TKO,Elbows
Kelly Faszholz,Ketlen Vieira,10/1/2016,S-DEC,
Cris Cyborg,Lina Lansberg,9/24/2016,,
Renan Barao,Phillipe Nover,9/24/2016,U-DEC,
Roy Nelson,Antonio Silva,9/24/2016,KO/TKO,Punch
Francisco Trinaldo,Paul Felder,9/24/2016,KO/TKO,
Thiago Santos,Eric Spicely,9/24/2016,SUB,Rear Naked Choke
Godofredo Pepey,Mike de la Torre,9/24/2016,SUB,Rear Naked Choke
Gilbert Burns,Michel Prazeres,9/24/2016,U-DEC,
Rani Yahya,Michinori Tanaka,9/24/2016,U-DEC,
Jussier Formiga,Dustin Ortiz,9/24/2016,U-DEC,
Erick Silva,Luan Chagas,9/24/2016,SUB,Rear Naked Choke
Alan Patrick,Stevie Ray,9/24/2016,U-DEC,
Vicente Luque,Hector Urbina,9/24/2016,KO/TKO,Punch
Glaico Franca,Gregor Gillespie,9/24/2016,,
Dustin Poirier,Michael Johnson,9/17/2016,KO/TKO,Punches
Uriah Hall,Derek Brunson,9/17/2016,KO/TKO,Punches
Evan Dunham,Rick Glenn,9/17/2016,U-DEC,
Roan Carneiro,Kenny Robertson,9/17/2016,S-DEC,
Chris Wade,Islam Makhachev,9/17/2016,U-DEC,
Chas Skelly,Maximo Blanco,9/17/2016,SUB,D'Arce Choke
Gabriel Benitez,Sam Sicilia,9/17/2016,SUB,Guillotine Choke
Augusto Montano,Belal Muhammad,9/17/2016,KO/TKO,Punches
Antonio Carlos Junior,Leonardo Augusto Leleco,9/17/2016,,
Jose Quinonez,Joey Gomez,9/17/2016,U-DEC,
Erick Montano,Randy Brown,9/17/2016,SUB,Guillotine Choke
Stipe Miocic,Alistair Overeem,9/10/2016,KO/TKO,Punch
Fabricio Werdum,Travis Browne,9/10/2016,U-DEC,
CM Punk,Mickey Gall,9/10/2016,SUB,Rear Naked Choke
Urijah Faber,Jimmie Rivera,9/10/2016,U-DEC,
Jessica Andrade,Joanne Calderwood,9/10/2016,SUB,Guillotine Choke
Jessica Eye,Bethe Correia,9/10/2016,S-DEC,
Brad Tavares,Caio Magalhaes,9/10/2016,S-DEC,
Nik Lentz,Michael McBride,9/10/2016,KO/TKO,Punches
Drew Dober,Jason Gonzalez,9/10/2016,KO/TKO,Punch
Yancy Medeiros,Sean Spencer,9/10/2016,SUB,Rear Naked Choke
Andrei Arlovski,Josh Barnett,9/3/2016,SUB,Rear Naked Choke
Alexander Gustafsson,Jan Blachowicz,9/3/2016,U-DEC,
Ryan Bader,Ilir Latifi,9/3/2016,KO/TKO,Knee
Nick Hein,Tae Hyun Bang,9/3/2016,U-DEC,
Jessin Ayari,Jimmy Wallhead,9/3/2016,,
Peter Sobotta,Nicolas Dalby,9/3/2016,U-DEC,
Ashlee Evans-Smith,Veronica Macedo,9/3/2016,KO/TKO,Elbows
Taylor Lapilus,Leandro Issa,9/3/2016,U-DEC,
Scott Askham,Jack Hermansson,9/3/2016,U-DEC,
Rustam Khabilov,Leandro Silva,9/3/2016,U-DEC,
Demian Maia,Carlos Condit,8/27/2016,SUB,Rear Naked Choke
Anthony Pettis,Charles Oliveira,8/27/2016,SUB,Guillotine Choke
Paige VanZant,Bec Rawlings,8/27/2016,KO/TKO,Kick
Joe Lauzon,Jim Miller,8/27/2016,S-DEC,
Sam Alvey,Kevin Casey,8/27/2016,KO/TKO,Punches
Enrique Barzola,Kyle Bochniak,8/27/2016,S-DEC,
Garreth McLellan,Alessio Di Chirico,8/27/2016,S-DEC,
Shane Campbell,Felipe Silva,8/27/2016,KO/TKO,Punch
Chad Laprise,Thibault Gouti,8/27/2016,KO/TKO,Punch
Jeremy Kennedy,Alessandro Ricci,8/27/2016,,
Nate Diaz,Conor McGregor,8/20/2016,M-DEC,
Anthony Johnson,Glover Teixeira,8/20/2016,KO/TKO,Punch
Rick Story,Donald Cerrone,8/20/2016,KO/TKO,Kick
Hyun Gyu Lim,Mike Perry,8/20/2016,KO/TKO,Punch
Tim Means,Sabah Homasi,8/20/2016,KO/TKO,Punches
Cody Garbrandt,Takeya Mizugaki,8/20/2016,KO/TKO,Punch
Raquel Pennington,Elizabeth Phillips,8/20/2016,U-DEC,
Artem Lobov,Chris Avila,8/20/2016,U-DEC,
Randa Markos,Cortney Casey,8/20/2016,SUB,Armbar
Neil Magny,Lorenz Larkin,8/20/2016,KO/TKO,Elbows
Colby Covington,Max Griffin,8/20/2016,KO/TKO,Punches
Alberto Uda,Marvin Vettori,8/20/2016,SUB,Guillotine Choke
Yair Rodriguez,Alex Caceres,8/6/2016,S-DEC,
Dennis Bermudez,Rony Jason,8/6/2016,U-DEC,
Thales Leites,Chris Camozzi,8/6/2016,SUB,Rear Naked Choke
Santiago Ponzinibbio,Zak Cummings,8/6/2016,U-DEC,
Trevor Smith,Joe Gigliotti,8/6/2016,,
Maryna Moroz,Danielle Taylor,8/6/2016,S-DEC,
Court McGee,Dominique Steele,8/6/2016,U-DEC,
Viktor Pesta,Marcin Tybura,8/6/2016,KO/TKO,Kick
David Teymur,Jason Novelli,8/6/2016,KO/TKO,Punches
Teruto Ishihara,Horacio Gutierrez,8/6/2016,KO/TKO,Punches
Cub Swanson,Tatsuya Kawajiri,8/6/2016,U-DEC,
Chase Sherman,Justin Ledet,8/6/2016,U-DEC,
Robbie Lawler,Tyron Woodley,7/30/2016,KO/TKO,Punch
Rose Namajunas,Karolina Kowalkiewicz,7/30/2016,S-DEC,
Matt Brown,Jake Ellenberger,7/30/2016,KO/TKO,Kick
Francisco Rivera,Erik Perez,7/30/2016,U-DEC,
Ryan Benoit,Fredy Serrano,7/30/2016,S-DEC,
Nikita Krylov,Ed Herman,7/30/2016,KO/TKO,Kick
Ross Pearson,Jorge Masvidal,7/30/2016,U-DEC,
Anthony Hamilton,Damian Grabowski,7/30/2016,KO/TKO,Punches
Wilson Reis,Hector Sandoval,7/30/2016,SUB,Rear Naked Choke
Cesar Arzamendia,Damien Brown,7/30/2016,KO/TKO,Punches
Holly Holm,Valentina Shevchenko,7/23/2016,U-DEC,
Edson Barboza,Gilbert Melendez,7/23/2016,U-DEC,
Francis Ngannou,Bojan Mihajlovic,7/23/2016,KO/TKO,Punches
Felice Herrig,Kailin Curran,7/23/2016,SUB,Rear Naked Choke
Frankie Saenz,Eddie Wineland,7/23/2016,KO/TKO,Punches
Darren Elkins,Godofredo Pepey,7/23/2016,U-DEC,
Kamaru Usman,Alexander Yakovlev,7/23/2016,U-DEC,
Michel Prazeres,JC Cottrell,7/23/2016,U-DEC,
Alex Oliveira,James Moontasri,7/23/2016,U-DEC,
Jim Alers,Jason Knight,7/23/2016,S-DEC,
Luis Henrique,Dmitrii Smoliakov,7/23/2016,SUB,Rear Naked Choke
Michael McDonald,John Lineker,7/13/2016,KO/TKO,Punch
Tony Ferguson,Lando Vannata,7/13/2016,SUB,D'Arce Choke
Tim Boetsch,Josh Samman,7/13/2016,KO/TKO,Punches
Aleksei Oleinik,Daniel Omielanczuk,7/13/2016,M-DEC,
Kyle Noke,Keita Nakamura,7/13/2016,SUB,Rear Naked Choke
Louis Smolka,Ben Nguyen,7/13/2016,KO/TKO,Elbows
Lauren Murphy,Katlyn Chookagian,7/13/2016,U-DEC,
Eric Spicely,Sam Alvey,7/13/2016,SUB,Guillotine Choke
Cortney Casey,Cristina Stanciu,7/13/2016,KO/TKO,Elbows
Scott Holtzman,Cody Pfister,7/13/2016,U-DEC,
Rani Yahya,Matthew Lopez,7/13/2016,SUB,Arm Triangle
Devin Clark,Alex Nicholson,7/13/2016,KO/TKO,Punch
Miesha Tate,Amanda Nunes,7/9/2016,SUB,Rear Naked Choke
Daniel Cormier,Anderson Silva,7/9/2016,U-DEC,
Jose Aldo,Frankie Edgar,7/9/2016,U-DEC,
Cain Velasquez,Travis Browne,7/9/2016,KO/TKO,Punches
Cat Zingano,Julianna Pena,7/9/2016,U-DEC,
Johny Hendricks,Kelvin Gastelum,7/9/2016,U-DEC,
TJ Dillashaw,Raphael Assuncao,7/9/2016,U-DEC,
Sage Northcutt,Enrique Marin,7/9/2016,U-DEC,
Diego Sanchez,Joe Lauzon,7/9/2016,KO/TKO,Punches
Gegard Mousasi,Thiago Santos,7/9/2016,KO/TKO,Punch
Jim Miller,Takanori Gomi,7/9/2016,KO/TKO,Punches
Joanna Jedrzejczyk,Claudia Gadelha,7/8/2016,U-DEC,
Andrew Sanchez,Khalil Rountree Jr.,7/8/2016,U-DEC,
Tatiana Suarez,Amanda Cooper,7/8/2016,SUB,D'Arce Choke
Ross Pearson,Will Brooks,7/8/2016,U-DEC,
Dooho Choi,Thiago Tavares,7/8/2016,KO/TKO,Punch
Joaquim Silva,Andrew Holbrook,7/8/2016,KO/TKO,Punch
Gray Maynard,Fernando Bruno,7/8/2016,U-DEC,
John Moraga,Matheus Nicolau,7/8/2016,,
Cory Hendricks,Josh Stansbury,7/8/2016,M-DEC,
Cezar Ferreira,Anthony Smith,7/8/2016,U-DEC,
Jake Matthews,Kevin Lee,7/8/2016,KO/TKO,Punches
Li Jingliang,Anton Zafir,7/8/2016,,
Rafael Dos Anjos,Eddie Alvarez,7/7/2016,KO/TKO,Punches
Roy Nelson,Derrick Lewis,7/7/2016,S-DEC,
Alan Jouban,Belal Muhammad,7/7/2016,U-DEC,
Joe Duffy,Mitch Clarke,7/7/2016,SUB,Rear Naked Choke
Mike Pyle,Alberto Mina,7/7/2016,KO/TKO,Flying Knee
John Makdessi,Mehdi Baghdad,7/7/2016,S-DEC,
Anthony Birchak,Dileno Lopes,7/7/2016,S-DEC,
Russell Doane,Pedro Munhoz,7/7/2016,SUB,Guillotine Choke
Felipe Arantes,Jerrod Sanders,7/7/2016,SUB,Armbar
Gilbert Burns,Lukasz Sajewski,7/7/2016,SUB,Armbar
Marco Beltran,Reginaldo Vieira,7/7/2016,SUB,Rear Naked Choke
Vicente Luque,Alvaro Herrera,7/7/2016,,
Rory MacDonald,Stephen Thompson,6/18/2016,U-DEC,
Donald Cerrone,Patrick Cote,6/18/2016,KO/TKO,Punches
Steve Bosse,Sean O'Connell,6/18/2016,U-DEC,
Olivier Aubin-Mercier,Thibault Gouti,6/18/2016,SUB,Rear Naked Choke
Valerie Letourneau,Joanne Calderwood,6/18/2016,KO/TKO,Kick
Jason Saggo,Leandro Silva,6/18/2016,S-DEC,
Misha Cirkunov,Ion Cutelaba,6/18/2016,SUB,Arm Triangle
Tamdan McCrory,Krzysztof Jotko,6/18/2016,KO/TKO,Punch
Chris Beal,Joe Soto,6/18/2016,SUB,Rear Naked Choke
Elias Theodorou,Sam Alvey,6/18/2016,U-DEC,
Randa Markos,Jocelyn Jones-Lybarger,6/18/2016,U-DEC,
Colby Covington,Jonathan Meunier,6/18/2016,SUB,Rear Naked Choke
Ali Bagautinov,Geane Herrera,6/18/2016,U-DEC,
Luke Rockhold,Michael Bisping,6/4/2016,KO/TKO,Punch
Dominick Cruz,Urijah Faber,6/4/2016,U-DEC,
Max Holloway,Ricardo Lamas,6/4/2016,U-DEC,
Dan Henderson,Hector Lombard,6/4/2016,KO/TKO,Elbow
Dustin Poirier,Bobby Green,6/4/2016,KO/TKO,Punch
Brian Ortega,Clay Guida,6/4/2016,KO/TKO,Knee
Beneil Dariush,James Vick,6/4/2016,KO/TKO,Punch
Jessica Penne,Jessica Andrade,6/4/2016,KO/TKO,Punches
Cole Miller,Alex Caceres,6/4/2016,U-DEC,
Sean Strickland,Tom Breese,6/4/2016,S-DEC,
Jonathan Wilson,Henrique da Silva,6/4/2016,KO/TKO,Punches
Polo Reyes,Dong Hyun Ma,6/4/2016,,
Thomas Almeida,Cody Garbrandt,5/29/2016,KO/TKO,Punches
Renan Barao,Jeremy Stephens,5/29/2016,U-DEC,
Tarec Saffiedine,Rick Story,5/29/2016,U-DEC,
Chris Camozzi,Vitor Miranda,5/29/2016,U-DEC,
Jorge Masvidal,Lorenz Larkin,5/29/2016,S-DEC,
Joshua Burkman,Paul Felder,5/29/2016,U-DEC,
Sara McMann,Jessica Eye,5/29/2016,U-DEC,
Abel Trujillo,Jordan Rinaldi,5/29/2016,U-DEC,
Jake Collier,Alberto Uda,5/29/2016,KO/TKO,Spinning Back Kick
Erik Koch,Shane Campbell,5/29/2016,SUB,Rear Naked Choke
Aljamain Sterling,Bryan Caraway,5/29/2016,S-DEC,
Chris de la Rocha,Adam Milstead,5/29/2016,KO/TKO,Punches
Fabricio Werdum,Stipe Miocic,5/14/2016,KO/TKO,Punch
Jacare Souza,Vitor Belfort,5/14/2016,KO/TKO,Punches
Cris Cyborg,Leslie Smith,5/14/2016,,
Mauricio Rua,Corey Anderson,5/14/2016,S-DEC,
Warlley Alves,Bryan Barberena,5/14/2016,U-DEC,
Demian Maia,Matt Brown,5/14/2016,SUB,Rear Naked Choke
Thiago Santos,Nate Marquardt,5/14/2016,KO/TKO,Punch
Francisco Trinaldo,Yancy Medeiros,5/14/2016,U-DEC,
John Lineker,Rob Font,5/14/2016,U-DEC,
Rogerio Nogueira,Patrick Cummins,5/14/2016,KO/TKO,Punches
Renato Moicano,Zubaira Tukhugov,5/14/2016,S-DEC,
Alistair Overeem,Andrei Arlovski,5/8/2016,KO/TKO,Punch
Antonio Silva,Stefan Struve,5/8/2016,KO/TKO,Punch
Albert Tumenov,Gunnar Nelson,5/8/2016,SUB,Rear Naked Choke
Germaine de Randamie,Anna Elmose,5/8/2016,KO/TKO,Knee
Nikita Krylov,Francimar Barroso,5/8/2016,SUB,Rear Naked Choke
Karolina Kowalkiewicz,Heather Jo Clark,5/8/2016,,
Rustam Khabilov,Chris Wade,5/8/2016,U-DEC,
Magnus Cedenblad,Garreth McLellan,5/8/2016,KO/TKO,Kick
Jon Tuck,Josh Emmett,5/8/2016,S-DEC,
Yan Cabral,Reza Madadi,5/8/2016,KO/TKO,Punch
Kyoji Horiguchi,Neil Seery,5/8/2016,U-DEC,
Leon Edwards,Dominic Waters,5/8/2016,U-DEC,
Ulka Sasaki,Willie Gates,5/8/2016,,
Jon Jones,Ovince Saint Preux,4/23/2016,U-DEC,
Demetrious Johnson,Henry Cejudo,4/23/2016,KO/TKO,Knees
Anthony Pettis,Edson Barboza,4/23/2016,U-DEC,
Robert Whittaker,Rafael Natal,4/23/2016,U-DEC,
Yair Rodriguez,Andre Fili,4/23/2016,KO/TKO,Kick
Sergio Pettis,Chris Kelades,4/23/2016,U-DEC,
Danny Roberts,Dominique Steele,4/23/2016,U-DEC,
Carla Esparza,Juliana Lima,4/23/2016,U-DEC,
Glaico Franca,James Vick,4/23/2016,,
Walt Harris,Cody East,4/23/2016,KO/TKO,Punches
Marcos Rogerio de Lima,Clint Hester,4/23/2016,SUB,Arm Triangle
Efrain Escudero,Kevin Lee,4/23/2016,U-DEC,
Glover Teixeira,Rashad Evans,4/16/2016,KO/TKO,Punch
Rose Namajunas,Tecia Torres,4/16/2016,U-DEC,
Khabib Nurmagomedov,Darrell Horcher,4/16/2016,KO/TKO,Punches
Cub Swanson,Hacran Dias,4/16/2016,U-DEC,
Beneil Dariush,Michael Chiesa,4/16/2016,SUB,Rear Naked Choke
Bethe Correia,Raquel Pennington,4/16/2016,S-DEC,
Court McGee,Santiago Ponzinibbio,4/16/2016,KO/TKO,Punch
Randy Brown,Michael Graves,4/16/2016,SUB,Rear Naked Choke
John Dodson,Manvel Gamburyan,4/16/2016,KO/TKO,Punches
Oluwale Bamgbose,Cezar Ferreira,4/16/2016,U-DEC,
Elizeu Zaleski dos Santos,Omari Akhmedov,4/16/2016,KO/TKO,Knee
Ben Rothwell,Junior Dos Santos,4/10/2016,U-DEC,
Derrick Lewis,Gabriel Gonzaga,4/10/2016,KO/TKO,Punches
Francis Ngannou,Curtis Blaydes,4/10/2016,KO/TKO,
Tim Johnson,Marcin Tybura,4/10/2016,,
Igor Pokrajac,Jan Blachowicz,4/10/2016,U-DEC,
Maryna Moroz,Cristina Stanciu,4/10/2016,U-DEC,
Nicolas Dalby,Zak Cummings,4/10/2016,U-DEC,
Ian Entwistle,Alejandro Perez,4/10/2016,KO/TKO,Punches
Mairbek Taisumov,Damir Hadzovic,4/10/2016,KO/TKO,Punch
Filip Pejic,Damian Stasiak,4/10/2016,SUB,Rear Naked Choke
Rob Whiteford,Lucas Martins,4/10/2016,,
Jared Cannonier,Cyril Asker,4/10/2016,KO/TKO,Punch
Alessio Di Chirico,Bojan Velickovic,4/10/2016,U-DEC,
Mark Hunt,Frank Mir,3/19/2016,KO/TKO,Punch
Hector Lombard,Neil Magny,3/19/2016,KO/TKO,Punches
Jake Matthews,Johnny Case,3/19/2016,SUB,Rear Naked Choke
Daniel Kelly,Antonio Carlos Junior,3/19/2016,KO/TKO,Punches
James Te Huna,Steve Bosse,3/19/2016,KO/TKO,Punch
Bec Rawlings,Seohee Ham,3/19/2016,,
Brendan O'Reilly,Alan Jouban,3/19/2016,KO/TKO,Elbow
Dan Hooker,Mark Eddiva,3/19/2016,SUB,Guillotine Choke
Leslie Smith,Rin Nakai,3/19/2016,U-DEC,
Richard Walsh,Viscardi Andrade,3/19/2016,U-DEC,
Ross Pearson,Chad Laprise,3/19/2016,S-DEC,
Alan Patrick,Damien Brown,3/19/2016,U-DEC,
Conor McGregor,Nate Diaz,3/5/2016,SUB,Rear Naked Choke
Holly Holm,Miesha Tate,3/5/2016,SUB,Rear Naked Choke
Gian Villante,Ilir Latifi,3/5/2016,U-DEC,
Corey Anderson,Tom Lawlor,3/5/2016,U-DEC,
Amanda Nunes,Valentina Shevchenko,3/5/2016,U-DEC,
Brandon Thatch,Siyar Bahadurzada,3/5/2016,SUB,Arm Triangle
Erick Silva,Nordine Taleb,3/5/2016,KO/TKO,Punch
Vitor Miranda,Marcelo Guimaraes,3/5/2016,KO/TKO,Kick
Darren Elkins,Chas Skelly,3/5/2016,U-DEC,
Diego Sanchez,Jim Miller,3/5/2016,U-DEC,
Jason Saggo,Justin Salas,3/5/2016,KO/TKO,Punches
Julian Erosa,Teruto Ishihara,3/5/2016,KO/TKO,Punch
Anderson Silva,Michael Bisping,2/27/2016,U-DEC,
Gegard Mousasi,Thales Leites,2/27/2016,U-DEC,
Tom Breese,Keita Nakamura,2/27/2016,U-DEC,
Francisco Rivera,Brad Pickett,2/27/2016,S-DEC,
Mike Wilkinson,Makwan Amirkhani,2/27/2016,U-DEC,
Davey Grant,Marlon Vera,2/27/2016,U-DEC,
Scott Askham,Chris Dempsey,2/27/2016,KO/TKO,Punch
Arnold Allen,Yaotzin Meza,2/27/2016,U-DEC,
Bradley Scott,Krzysztof Jotko,2/27/2016,,
Norman Parke,Rustam Khabilov,2/27/2016,U-DEC,
Daniel Omielanczuk,Jarjis Danho,2/27/2016,M-DEC,
Teemu Packalen,Thibault Gouti,2/27/2016,SUB,Rear Naked Choke
David Teymur,Martin Svensson,2/27/2016,KO/TKO,Punch
Donald Cerrone,Alex Oliveira,2/21/2016,SUB,Triangle Choke
Derek Brunson,Roan Carneiro,2/21/2016,KO/TKO,Punches
Cody Garbrandt,Augusto Mendes,2/21/2016,KO/TKO,Punches
Dennis Bermudez,Tatsuya Kawajiri,2/21/2016,U-DEC,
Chris Camozzi,Joe Riggs,2/21/2016,KO/TKO,Knees
James Krause,Shane Campbell,2/21/2016,U-DEC,
Alex Garcia,Sean Strickland,2/21/2016,KO/TKO,Punches
Daniel Sarafian,Oluwale Bamgbose,2/21/2016,KO/TKO,Kick
Anthony Smith,Leonardo Augusto Leleco,2/21/2016,,
Jonavin Webb,Nathan Coy,2/21/2016,U-DEC,
Marion Reneau,Ashlee Evans-Smith,2/21/2016,S-DEC,
Lauren Murphy,Kelly Faszholz,2/21/2016,KO/TKO,Punches
Anthony Hamilton,Shamil Abdurakhimov,2/21/2016,U-DEC,
Johny Hendricks,Stephen Thompson,2/6/2016,KO/TKO,Punch
Roy Nelson,Jared Rosholt,2/6/2016,U-DEC,
Ovince Saint Preux,Rafael Feijao,2/6/2016,,
Joseph Benavidez,Zach Makovsky,2/6/2016,U-DEC,
Misha Cirkunov,Alex Nicholson,2/6/2016,SUB,Neck Crank
Mike Pyle,Sean Spencer,2/6/2016,KO/TKO,Elbow
Joshua Burkman,KJ Noons,2/6/2016,U-DEC,
Derrick Lewis,Damian Grabowski,2/6/2016,KO/TKO,Punch
Ray Borg,Justin Scoggins,2/6/2016,U-DEC,
Noad Lahat,Diego Rivas,2/6/2016,KO/TKO,Flying Knee
Mickey Gall,Mike Jackson,2/6/2016,SUB,Rear Naked Choke
Artem Lobov,Alex White,2/6/2016,U-DEC,
Anthony Johnson,Ryan Bader,1/30/2016,KO/TKO,Punches
Josh Barnett,Ben Rothwell,1/30/2016,SUB,Guillotine Choke
Iuri Alcantara,Jimmie Rivera,1/30/2016,U-DEC,
Sage Northcutt,Bryan Barberena,1/30/2016,SUB,Arm Triangle
Tarec Saffiedine,Jake Ellenberger,1/30/2016,U-DEC,
Olivier Aubin-Mercier,Diego Ferreira,1/30/2016,U-DEC,
Rafael Natal,Kevin Casey,1/30/2016,KO/TKO,Punches
Dustin Ortiz,Wilson Reis,1/30/2016,U-DEC,
George Sullivan,Alexander Yakovlev,1/30/2016,KO/TKO,Punches
Alex Caceres,Masio Fullen,1/30/2016,U-DEC,
Matt Dwyer,Randy Brown,1/30/2016,U-DEC,
Anthony Rocco Martin,Felipe Olivieri,1/30/2016,SUB,Rear Naked Choke
TJ Dillashaw,Dominick Cruz,1/17/2016,S-DEC,
Anthony Pettis,Eddie Alvarez,1/17/2016,S-DEC,
Travis Browne,Matt Mitrione,1/17/2016,KO/TKO,Punches
Ross Pearson,Francisco Trinaldo,1/17/2016,U-DEC,
Patrick Cote,Ben Saunders,1/17/2016,KO/TKO,Punches
Tim Boetsch,Ed Herman,1/17/2016,KO/TKO,Knee
Chris Wade,Mehdi Baghdad,1/17/2016,SUB,Rear Naked Choke
Maximo Blanco,Luke Sanders,1/17/2016,SUB,Rear Naked Choke
Paul Felder,Daron Cruickshank,1/17/2016,SUB,Rear Naked Choke
Ilir Latifi,Sean O'Connell,1/17/2016,KO/TKO,Punch
Charles Rosa,Kyle Bochniak,1/17/2016,U-DEC,
Rob Font,Joey Gomez,1/17/2016,KO/TKO,Punches
Francimar Barroso,Elvis Mutapcic,1/17/2016,U-DEC,
Robbie Lawler,Carlos Condit,1/2/2016,S-DEC,
Stipe Miocic,Andrei Arlovski,1/2/2016,KO/TKO,Punch
Lorenz Larkin,Albert Tumenov,1/2/2016,S-DEC,
Diego Brandao,Brian Ortega,1/2/2016,SUB,Triangle Choke
Abel Trujillo,Tony Sims,1/2/2016,SUB,Guillotine Choke
Michael McDonald,Masanori Kanehara,1/2/2016,SUB,Rear Naked Choke
Kyle Noke,Alex Morono,1/2/2016,S-DEC,
Justine Kish,Nina Ansaroff,1/2/2016,U-DEC,
Scott Holtzman,Drew Dober,1/2/2016,U-DEC,
Dustin Poirier,Joe Duffy,1/2/2016,U-DEC,
Joe Soto,Michinori Tanaka,1/2/2016,S-DEC,
Sheldon Westcott,Edgar Garcia,1/2/2016,KO/TKO,Punches
Rafael Dos Anjos,Donald Cerrone,12/19/2015,KO/TKO,Punches
Junior Dos Santos,Alistair Overeem,12/19/2015,KO/TKO,Punches
Michael Johnson,Nate Diaz,12/19/2015,U-DEC,
Randa Markos,Karolina Kowalkiewicz,12/19/2015,U-DEC,
Charles Oliveira,Myles Jury,12/19/2015,SUB,Guillotine Choke
CB Dollaway,Nate Marquardt,12/19/2015,KO/TKO,Punch
Sarah Kaufman,Valentina Shevchenko,12/19/2015,S-DEC,
Josh Samman,Tamdan McCrory,12/19/2015,SUB,Triangle Choke
Nik Lentz,Danny Castillo,12/19/2015,S-DEC,
Kamaru Usman,Leon Edwards,12/19/2015,U-DEC,
Hayder Hassan,Vicente Luque,12/19/2015,SUB,Anaconda Choke
Francis Ngannou,Luis Henrique,12/19/2015,KO/TKO,Punch
Jose Aldo,Conor McGregor,12/12/2015,KO/TKO,Punch
Chris Weidman,Luke Rockhold,12/12/2015,KO/TKO,Punches
Jacare Souza,Yoel Romero,12/12/2015,S-DEC,
Demian Maia,Gunnar Nelson,12/12/2015,U-DEC,
Max Holloway,Jeremy Stephens,12/12/2015,U-DEC,
Urijah Faber,Frankie Saenz,12/12/2015,U-DEC,
Tecia Torres,Jocelyn Jones-Lybarger,12/12/2015,U-DEC,
Warlley Alves,Colby Covington,12/12/2015,SUB,Guillotine Choke
Leonardo Santos,Kevin Lee,12/12/2015,KO/TKO,Punches
Joe Proctor,Magomed Mustafaev,12/12/2015,KO/TKO,Knee
John Makdessi,Yancy Medeiros,12/12/2015,S-DEC,
Court McGee,Marcio Alexandre Junior,12/12/2015,U-DEC,
Frankie Edgar,Chad Mendes,12/11/2015,KO/TKO,Punch
Artem Lobov,Ryan Hall,12/11/2015,U-DEC,
Edson Barboza,Tony Ferguson,12/11/2015,SUB,D'Arce Choke
Joe Lauzon,Evan Dunham,12/11/2015,U-DEC,
Tatsuya Kawajiri,Jason Knight,12/11/2015,U-DEC,
Julian Erosa,Marcin Wrzosek,12/11/2015,S-DEC,
Gabriel Gonzaga,Konstantin Erokhin,12/11/2015,U-DEC,
Ryan LaFlare,Mike Pierce,12/11/2015,U-DEC,
Joby Sanchez,Geane Herrera,12/11/2015,KO/TKO,Punch
Chris Gruetzemacher,Abner Lloveras,12/11/2015,U-DEC,
Rose Namajunas,Paige VanZant,12/10/2015,SUB,Rear Naked Choke
Jim Miller,Michael Chiesa,12/10/2015,SUB,Rear Naked Choke
Sage Northcutt,Cody Pfister,12/10/2015,SUB,Guillotine Choke
Elias Theodorou,Thiago Santos,12/10/2015,U-DEC,
Tim Means,John Howard,12/10/2015,KO/TKO,Punch
Omari Akhmedov,Sergio Moraes,12/10/2015,KO/TKO,Punches
Aljamain Sterling,Johnny Eduardo,12/10/2015,SUB,Guillotine Choke
Santiago Ponzinibbio,Andreas Stahl,12/10/2015,KO/TKO,Punch
Danny Roberts,Nathan Coy,12/10/2015,SUB,Triangle Choke
Zubaira Tukhugov,Phillipe Nover,12/10/2015,S-DEC,
Kailin Curran,Emily Peters Kagan,12/10/2015,,
Benson Henderson,Jorge Masvidal,11/28/2015,S-DEC,
Dong Hyun Kim,Dominic Waters,11/28/2015,KO/TKO,Punches
Yoshihiro Akiyama,Alberto Mina,11/28/2015,S-DEC,
Dooho Choi,Sam Sicilia,11/28/2015,KO/TKO,Punch
Dongi Yang,Jake Collier,11/28/2015,KO/TKO,Punches
Yui Chul Nam,Mike de la Torre,11/28/2015,S-DEC,
Tae Hyun Bang,Leo Kuntz,11/28/2015,S-DEC,
Seohee Ham,Cortney Casey,11/28/2015,,
Yao Zhikui,Fredy Serrano,11/28/2015,KO/TKO,
Ning Guangyou,Marco Beltran,11/28/2015,,
Dominique Steele,Dong Hyun Ma,11/28/2015,KO/TKO,Slam
Neil Magny,Kelvin Gastelum,11/21/2015,S-DEC,
Ricardo Lamas,Diego Sanchez,11/21/2015,U-DEC,
Jussier Formiga,Henry Cejudo,11/21/2015,S-DEC,
Erick Montano,Enrique Marin,11/21/2015,S-DEC,
Horacio Gutierrez,Enrique Barzola,11/21/2015,U-DEC,
Efrain Escudero,Leandro Silva,11/21/2015,U-DEC,
Erik Perez,Taylor Lapilus,11/21/2015,U-DEC,
Hector Urbina,Bartosz Fabinski,11/21/2015,U-DEC,
Alejandro Perez,Scott Jorgensen,11/21/2015,KO/TKO,
Gabriel Benitez,Andre Fili,11/21/2015,KO/TKO,Punches
Vernon Ramos,Alvaro Herrera,11/21/2015,,
Cesar Arzamendia,Polo Reyes,11/21/2015,,
Valmir Lazaro,Michel Prazeres,11/21/2015,S-DEC,
Ronda Rousey,Holly Holm,11/14/2015,KO/TKO,Kick
Joanna Jedrzejczyk,Valerie Letourneau,11/14/2015,U-DEC,
Mark Hunt,Antonio Silva,11/14/2015,KO/TKO,Punch
Uriah Hall,Robert Whittaker,11/14/2015,U-DEC,
Stefan Struve,Jared Rosholt,11/14/2015,U-DEC,
Jake Matthews,Akbarh Arreola,11/14/2015,KO/TKO,
Kyle Noke,Peter Sobotta,11/14/2015,KO/TKO,Kick
Anthony Perosh,Gian Villante,11/14/2015,KO/TKO,Punch
Richie Vaculik,Danny Martinez,11/14/2015,U-DEC,
Daniel Kelly,Steve Montgomery,11/14/2015,U-DEC,
Richard Walsh,Steve Kennedy,11/14/2015,U-DEC,
James Moontasri,Anton Zafir,11/14/2015,KO/TKO,Spinning Back Kick
Ben Nguyen,Ryan Benoit,11/14/2015,SUB,Rear Naked Choke
Vitor Belfort,Dan Henderson,11/7/2015,KO/TKO,Kick
Glover Teixeira,Patrick Cummins,11/7/2015,KO/TKO,Punches
Thomas Almeida,Anthony Birchak,11/7/2015,KO/TKO,Punches
Alex Oliveira,Piotr Hallmann,11/7/2015,KO/TKO,Punch
Gilbert Burns,Rashid Magomedov,11/7/2015,U-DEC,
Fabio Maldonado,Corey Anderson,11/7/2015,U-DEC,
Gleison Tibau,Abel Trujillo,11/7/2015,DQ,Rear Naked Choke
Yan Cabral,Johnny Case,11/7/2015,U-DEC,
Clay Guida,Thiago Tavares,11/7/2015,SUB,Guillotine Choke
Kevin Souza,Chas Skelly,11/7/2015,,
Viscardi Andrade,Gasan Umalatov,11/7/2015,U-DEC,
Pedro Munhoz,Jimmie Rivera,11/7/2015,S-DEC,
Bruno Korea,Matheus Nicolau,11/7/2015,,
Paddy Holohan,Louis Smolka,10/24/2015,SUB,Rear Naked Choke
Norman Parke,Reza Madadi,10/24/2015,U-DEC,
Neil Seery,Jon Delos Reyes,10/24/2015,SUB,Guillotine Choke
Stevie Ray,Mickael Lebout,10/24/2015,U-DEC,
Aisling Daly,Ericka Almeida,10/24/2015,U-DEC,
Scott Askham,Krzysztof Jotko,10/24/2015,S-DEC,
Cathal Pendred,Tom Breese,10/24/2015,KO/TKO,Punches
Darren Elkins,Rob Whiteford,10/24/2015,,
Bubba Bush,Garreth McLellan,10/24/2015,KO/TKO,Punches
Daniel Cormier,Alexander Gustafsson,10/3/2015,S-DEC,
Ryan Bader,Rashad Evans,10/3/2015,U-DEC,
Shawn Jordan,Ruslan Magomedov,10/3/2015,U-DEC,
Joseph Benavidez,Ali Bagautinov,10/3/2015,U-DEC,
Jessica Eye,Julianna Pena,10/3/2015,U-DEC,
Yair Rodriguez,Dan Hooker,10/3/2015,U-DEC,
Alan Jouban,Albert Tumenov,10/3/2015,KO/TKO,Punches
Adriano Martins,Islam Makhachev,10/3/2015,KO/TKO,Punch
Rose Namajunas,Angela Hill,10/3/2015,SUB,Rear Naked Choke
Francisco Trevino,Sage Northcutt,10/3/2015,KO/TKO,Punches
Chris Cariaso,Sergio Pettis,10/3/2015,U-DEC,
Derrick Lewis,Viktor Pesta,10/3/2015,KO/TKO,Punches
Josh Barnett,Roy Nelson,9/26/2015,U-DEC,
Gegard Mousasi,Uriah Hall,9/26/2015,KO/TKO,Spinning Back Kick
Kyoji Horiguchi,Chico Camus,9/26/2015,U-DEC,
Takeya Mizugaki,George Roop,9/26/2015,U-DEC,
Katsunori Kikuno,Diego Brandao,9/26/2015,KO/TKO,Punch
Keita Nakamura,Li Jingliang,9/26/2015,,
Nick Hein,Yusuke Kasuya,9/26/2015,U-DEC,
Naoyuki Kotani,Kajan Johnson,9/26/2015,U-DEC,
Shinsho Anzai,Roger Zapata,9/26/2015,KO/TKO,
Demetrious Johnson,John Dodson,9/5/2015,U-DEC,
Andrei Arlovski,Frank Mir,9/5/2015,U-DEC,
Anthony Johnson,Jimi Manuwa,9/5/2015,KO/TKO,Punch
Jan Blachowicz,Corey Anderson,9/5/2015,U-DEC,
Paige VanZant,Alex Chambers,9/5/2015,SUB,Armbar
Ross Pearson,Paul Felder,9/5/2015,S-DEC,
Francisco Rivera,John Lineker,9/5/2015,SUB,Guillotine Choke
Jessica Andrade,Raquel Pennington,9/5/2015,SUB,Rear Naked Choke
Clay Collard,Tiago Trator,9/5/2015,,
Joe Riggs,Ron Stallings,9/5/2015,DQ,
Joaquim Silva,Nazareno Malegarie,9/5/2015,S-DEC,
Max Holloway,Charles Oliveira,8/23/2015,KO/TKO,
Neil Magny,Erick Silva,8/23/2015,U-DEC,
Patrick Cote,Joshua Burkman,8/23/2015,KO/TKO,Punches
Chad Laprise,Francisco Trinaldo,8/23/2015,KO/TKO,Punches
Olivier Aubin-Mercier,Tony Sims,8/23/2015,U-DEC,
Maryna Moroz,Valerie Letourneau,8/23/2015,U-DEC,
Sam Stout,Frankie Perez,8/23/2015,KO/TKO,Punches
Yves Jabouin,Felipe Arantes,8/23/2015,SUB,Armbar
Marcos Rogerio de Lima,Nikita Krylov,8/23/2015,SUB,Rear Naked Choke
Chris Kelades,Chris Beal,8/23/2015,S-DEC,
Shane Campbell,Elias Silverio,8/23/2015,U-DEC,
Misha Cirkunov,Daniel Jolly,8/23/2015,KO/TKO,Punches
Glover Teixeira,Ovince Saint Preux,8/8/2015,SUB,Rear Naked Choke
Michael Johnson,Beneil Dariush,8/8/2015,S-DEC,
Derek Brunson,Sam Alvey,8/8/2015,KO/TKO,Punches
Jared Rosholt,Tim Johnson,8/8/2015,,
Sara McMann,Amanda Nunes,8/8/2015,SUB,Rear Naked Choke
Ray Borg,Geane Herrera,8/8/2015,U-DEC,
Uriah Hall,Oluwale Bamgbose,8/8/2015,KO/TKO,Punches
Chris Camozzi,Tom Watson,8/8/2015,U-DEC,
Dustin Ortiz,Willie Gates,8/8/2015,KO/TKO,Punches
Frankie Saenz,Sirwan Kakai,8/8/2015,S-DEC,
Chris Dempsey,Jonathan Wilson,8/8/2015,KO/TKO,Punch
Marlon Vera,Roman Salazar,8/8/2015,SUB,Armbar
Anthony Christodoulou,Scott Holtzman,8/8/2015,SUB,Rear Naked Choke
Ronda Rousey,Bethe Correia,8/1/2015,KO/TKO,Punch
Mauricio Rua,Rogerio Nogueira,8/1/2015,U-DEC,
Glaico Franca,Fernando Bruno,8/1/2015,,
Reginaldo Vieira,Dileno Lopes,8/1/2015,U-DEC,
Stefan Struve,Minotauro Nogueira,8/1/2015,,
Antonio Silva,Soa Palelei,8/1/2015,KO/TKO,Punches
Claudia Gadelha,Jessica Aguilar,8/1/2015,U-DEC,
Demian Maia,Neil Magny,8/1/2015,SUB,Rear Naked Choke
Rafael Feijao,Patrick Cummins,8/1/2015,,
Warlley Alves,Nordine Taleb,8/1/2015,SUB,Guillotine Choke
Iuri Alcantara,Leandro Issa,8/1/2015,U-DEC,
Vitor Miranda,Clint Hester,8/1/2015,KO/TKO,Elbows
Hugo Viana,Guido Cannetti,8/1/2015,U-DEC,
TJ Dillashaw,Renan Barao,7/25/2015,KO/TKO,Punches
Miesha Tate,Jessica Eye,7/25/2015,U-DEC,
Edson Barboza,Paul Felder,7/25/2015,U-DEC,
Joe Lauzon,Takanori Gomi,7/25/2015,KO/TKO,Punches
Gian Villante,Tom Lawlor,7/25/2015,KO/TKO,Punch
Jim Miller,Danny Castillo,7/25/2015,S-DEC,
Kenny Robertson,Ben Saunders,7/25/2015,S-DEC,
Eddie Wineland,Bryan Caraway,7/25/2015,U-DEC,
Daron Cruickshank,James Krause,7/25/2015,SUB,Rear Naked Choke
Ramsey Nijem,Andrew Holbrook,7/25/2015,S-DEC,
Jessamyn Duke,Elizabeth Phillips,7/25/2015,U-DEC,
Zak Cummings,Dominique Steele,7/25/2015,KO/TKO,Punches
Michael Bisping,Thales Leites,7/18/2015,S-DEC,
Ross Pearson,Evan Dunham,7/18/2015,U-DEC,
Joe Duffy,Ivan Jorge,7/18/2015,SUB,Triangle Choke
Joanne Calderwood,Cortney Casey,7/18/2015,U-DEC,
Leon Edwards,Pawel Pawlak,7/18/2015,U-DEC,
Stevie Ray,Leonardo Mafra,7/18/2015,KO/TKO,Punches
Paddy Holohan,Vaughan Lee,7/18/2015,U-DEC,
Ilir Latifi,Hans Stringer,7/18/2015,KO/TKO,Punch
Mickael Lebout,Teemu Packalen,7/18/2015,U-DEC,
Rob Whiteford,Paul Redmond,7/18/2015,,
Marcus Brimage,Jimmie Rivera,7/18/2015,KO/TKO,Punches
Daniel Omielanczuk,Chris de la Rocha,7/18/2015,KO/TKO,Punch
Frank Mir,Todd Duffee,7/15/2015,KO/TKO,Punch
Josh Thomson,Tony Ferguson,7/15/2015,U-DEC,
Holly Holm,Marion Reneau,7/15/2015,U-DEC,
Scott Jorgensen,Manvel Gamburyan,7/15/2015,U-DEC,
Kevin Lee,James Moontasri,7/15/2015,SUB,Rear Naked Choke
Alan Jouban,Matt Dwyer,7/15/2015,U-DEC,
Sam Sicilia,Yaotzin Meza,7/15/2015,U-DEC,
Jessica Andrade,Sarah Moras,7/15/2015,U-DEC,
Rani Yahya,Masanori Kanehara,7/15/2015,S-DEC,
Igor Araujo,Sean Strickland,7/15/2015,U-DEC,
Kevin Casey,Ildemar Alcantara,7/15/2015,U-DEC,
Andrew Craig,Lyman Good,7/15/2015,KO/TKO,Punch
Jake Ellenberger,Stephen Thompson,7/12/2015,KO/TKO,Kick
Kamaru Usman,Hayder Hassan,7/12/2015,SUB,Arm Triangle
Michael Graves,Vicente Luque,7/12/2015,U-DEC,
Jorge Masvidal,Cezar Ferreira,7/12/2015,KO/TKO,Elbow
Angela Magana,Michelle Waterson,7/12/2015,SUB,Rear Naked Choke
Maximo Blanco,Mike de la Torre,7/12/2015,KO/TKO,Punch
Josh Samman,Caio Magalhaes,7/12/2015,SUB,Rear Naked Choke
Russell Doane,Jerrod Sanders,7/12/2015,U-DEC,
Dan Miller,Trevor Smith,7/12/2015,U-DEC,
George Sullivan,Dominic Waters,7/12/2015,U-DEC,
Darrell Montague,Willie Gates,7/12/2015,KO/TKO,Punches
Chad Mendes,Conor McGregor,7/11/2015,KO/TKO,Punch
Robbie Lawler,Rory MacDonald,7/11/2015,KO/TKO,Punch
Dennis Bermudez,Jeremy Stephens,7/11/2015,KO/TKO,Flying Knee
Gunnar Nelson,Brandon Thatch,7/11/2015,SUB,Rear Naked Choke
Brad Pickett,Thomas Almeida,7/11/2015,KO/TKO,Flying Knee
Matt Brown,Tim Means,7/11/2015,SUB,Guillotine Choke
Mike Swick,Alex Garcia,7/11/2015,U-DEC,
Cathal Pendred,John Howard,7/11/2015,S-DEC,
Cody Garbrandt,Henry Briones,7/11/2015,U-DEC,
Neil Seery,Louis Smolka,7/11/2015,U-DEC,
Yosdenis Cedeno,Cody Pfister,7/11/2015,U-DEC,
Lyoto Machida,Yoel Romero,6/27/2015,KO/TKO,Elbows
Santiago Ponzinibbio,Lorenz Larkin,6/27/2015,KO/TKO,Punches
Antonio Carlos Junior,Eddie Gordon,6/27/2015,SUB,Rear Naked Choke
Thiago Santos,Steve Bosse,6/27/2015,KO/TKO,Kick
Hacran Dias,Levan Makashvili,6/27/2015,S-DEC,
Alex Oliveira,Joe Merritt,6/27/2015,U-DEC,
Leandro Silva,Lewis Gonzalez,6/27/2015,U-DEC,
Steve Montgomery,Tony Sims,6/27/2015,KO/TKO,Punch
Danny Martinez,Sirwan Kakai,6/27/2015,U-DEC,
Joanna Jedrzejczyk,Jessica Penne,6/20/2015,KO/TKO,Punches
Dennis Siver,Tatsuya Kawajiri,6/20/2015,U-DEC,
Peter Sobotta,Steve Kennedy,6/20/2015,SUB,Rear Naked Choke
Nick Hein,Lukasz Sajewski,6/20/2015,U-DEC,
Makwan Amirkhani,Masio Fullen,6/20/2015,SUB,Rear Naked Choke
Mairbek Taisumov,Alan Patrick,6/20/2015,KO/TKO,Kick
Alan Omer,Arnold Allen,6/20/2015,SUB,Guillotine Choke
Niklas Backstrom,Noad Lahat,6/20/2015,M-DEC,
Scott Askham,Antonio Dos Santos,6/20/2015,KO/TKO,Punch
Piotr Hallmann,Magomed Mustafaev,6/20/2015,KO/TKO,
Taylor Lapilus,Ulka Sasaki,6/20/2015,,
Cain Velasquez,Fabricio Werdum,6/13/2015,SUB,Guillotine Choke
Gilbert Melendez,Eddie Alvarez,6/13/2015,S-DEC,
Kelvin Gastelum,Nate Marquardt,6/13/2015,KO/TKO,
Yair Rodriguez,Charles Rosa,6/13/2015,S-DEC,
Tecia Torres,Angela Hill,6/13/2015,U-DEC,
Henry Cejudo,Chico Camus,6/13/2015,U-DEC,
Efrain Escudero,Drew Dober,6/13/2015,SUB,Guillotine Choke
Alejandro Perez,Patrick Williams,6/13/2015,SUB,Guillotine Choke
Francisco Trevino,Johnny Case,6/13/2015,U-DEC,
Augusto Montano,Cathal Pendred,6/13/2015,U-DEC,
Gabriel Benitez,Clay Collard,6/13/2015,U-DEC,
Tim Boetsch,Dan Henderson,6/6/2015,KO/TKO,Punch
Ben Rothwell,Matt Mitrione,6/6/2015,SUB,Guillotine Choke
Dustin Poirier,Yancy Medeiros,6/6/2015,KO/TKO,Punches
Thiago Tavares,Brian Ortega,6/6/2015,KO/TKO,Punch
Joe Soto,Anthony Birchak,6/6/2015,KO/TKO,Punch
Francisco Rivera,Alex Caceres,6/6/2015,KO/TKO,Punch
Shawn Jordan,Derrick Lewis,6/6/2015,KO/TKO,Kick
Brian Ebersole,Omari Akhmedov,6/6/2015,KO/TKO,
Chris Wade,Christos Giagos,6/6/2015,U-DEC,
Joe Proctor,Justin Edwards,6/6/2015,SUB,Guillotine Choke
Ricardo Abreu,Jake Collier,6/6/2015,S-DEC,
Jose Quinonez,Leonardo Morales,6/6/2015,SUB,Rear Naked Choke
Carlos Condit,Thiago Alves,5/30/2015,KO/TKO,
Nik Lentz,Charles Oliveira,5/30/2015,SUB,Guillotine Choke
KJ Noons,Alex Oliveira,5/30/2015,SUB,Rear Naked Choke
Francimar Barroso,Ryan Jimmo,5/30/2015,U-DEC,
Francisco Trinaldo,Norman Parke,5/30/2015,U-DEC,
Wendell Oliveira,Darren Till,5/30/2015,,
Jussier Formiga,Wilson Reis,5/30/2015,U-DEC,
Elizeu Zaleski dos Santos,Nicolas Dalby,5/30/2015,S-DEC,
Lucas Martins,Mirsad Bektic,5/30/2015,KO/TKO,Punches
Juliana Lima,Ericka Almeida,5/30/2015,U-DEC,
Luiz Dutra,Tom Breese,5/30/2015,KO/TKO,Punches
Anthony Johnson,Daniel Cormier,5/23/2015,SUB,Rear Naked Choke
Chris Weidman,Vitor Belfort,5/23/2015,KO/TKO,Punches
Donald Cerrone,John Makdessi,5/23/2015,KO/TKO,Kick
Travis Browne,Andrei Arlovski,5/23/2015,KO/TKO,Punches
Joseph Benavidez,John Moraga,5/23/2015,U-DEC,
John Dodson,Zach Makovsky,5/23/2015,U-DEC,
Dong Hyun Kim,Joshua Burkman,5/23/2015,SUB,Arm Triangle
Uriah Hall,Rafael Natal,5/23/2015,S-DEC,
Mike Pyle,Colby Covington,5/23/2015,U-DEC,
Islam Makhachev,Leo Kuntz,5/23/2015,SUB,Rear Naked Choke
Justin Scoggins,Joshua Sampo,5/23/2015,,
Frankie Edgar,Urijah Faber,5/16/2015,U-DEC,
Gegard Mousasi,Costas Philippou,5/16/2015,,
Mark Munoz,Luke Barnatt,5/16/2015,U-DEC,
Hyun Gyu Lim,Neil Magny,5/16/2015,KO/TKO,Punches
Phillipe Nover,Yui Chul Nam,5/16/2015,S-DEC,
Mark Eddiva,Levan Makashvili,5/16/2015,S-DEC,
Tae Hyun Bang,Jon Tuck,5/16/2015,SUB,Rear Naked Choke
Zhang Lipeng,Kajan Johnson,5/16/2015,,
Li Jingliang,Dhiego Lima,5/16/2015,,
Ning Guangyou,Royston Wee,5/16/2015,,
Roldan Sangcha-an,Jon Delos Reyes,5/16/2015,,
Nolan Ticman,Yao Zhikui,5/16/2015,S-DEC,
Stipe Miocic,Mark Hunt,5/9/2015,KO/TKO,Punches
Brad Tavares,Robert Whittaker,5/9/2015,KO/TKO,Punch
Anthony Perosh,Sean O'Connell,5/9/2015,KO/TKO,Punches
Jake Matthews,James Vick,5/9/2015,SUB,Guillotine Choke
Hatsu Hioki,Dan Hooker,5/9/2015,KO/TKO,Kick
Kyle Noke,Jonavin Webb,5/9/2015,S-DEC,
Daniel Kelly,Sam Alvey,5/9/2015,KO/TKO,Punch
Bec Rawlings,Lisa Ellis,5/9/2015,SUB,Rear Naked Choke
Dylan Andrews,Bradley Scott,5/9/2015,,
Alex Chambers,Kailin Curran,5/9/2015,SUB,Armbar
Vik Grujic,Brendan O'Reilly,5/9/2015,U-DEC,
Alptekin Ozkilic,Ben Nguyen,5/9/2015,KO/TKO,Punch
Demetrious Johnson,Kyoji Horiguchi,4/25/2015,SUB,Armbar
Rampage Jackson,Fabio Maldonado,4/25/2015,,
Michael Bisping,CB Dollaway,4/25/2015,U-DEC,
John Makdessi,Shane Campbell,4/25/2015,KO/TKO,Punch
Yves Jabouin,Thomas Almeida,4/25/2015,KO/TKO,Punches
Patrick Cote,Joe Riggs,4/25/2015,U-DEC,
Alexis Davis,Sarah Kaufman,4/25/2015,SUB,Armbar
Chad Laprise,Bryan Barberena,4/25/2015,U-DEC,
Olivier Aubin-Mercier,David Michaud,4/25/2015,SUB,Rear Naked Choke
Nordine Taleb,Chris Clements,4/25/2015,U-DEC,
Jessica Rakoczy,Valerie Letourneau,4/25/2015,U-DEC,
Randa Markos,Aisling Daly,4/25/2015,U-DEC,
Lyoto Machida,Luke Rockhold,4/18/2015,SUB,Rear Naked Choke
Jacare Souza,Chris Camozzi,4/18/2015,SUB,Armbar
Cub Swanson,Max Holloway,4/18/2015,SUB,Guillotine Choke
Felice Herrig,Paige VanZant,4/18/2015,U-DEC,
Jim Miller,Beneil Dariush,4/18/2015,U-DEC,
Ovince Saint Preux,Patrick Cummins,4/18/2015,KO/TKO,Punch
Corey Anderson,Gian Villante,4/18/2015,KO/TKO,Punch
Takeya Mizugaki,Aljamain Sterling,4/18/2015,SUB,Arm Triangle
George Sullivan,Tim Means,4/18/2015,SUB,Arm Triangle
Diego Brandao,Jimy Hettes,4/18/2015,KO/TKO,
Eddie Gordon,Chris Dempsey,4/18/2015,S-DEC,
Gabriel Gonzaga,Mirko Cro Cop,4/11/2015,,
Jimi Manuwa,Jan Blachowicz,4/11/2015,U-DEC,
Pawel Pawlak,Sheldon Westcott,4/11/2015,U-DEC,
Joanne Calderwood,Maryna Moroz,4/11/2015,SUB,Armbar
Seth Baczynski,Leon Edwards,4/11/2015,KO/TKO,Punch
Bartosz Fabinski,Garreth McLellan,4/11/2015,U-DEC,
Sergio Moraes,Mickael Lebout,4/11/2015,U-DEC,
Damian Stasiak,Yaotzin Meza,4/11/2015,U-DEC,
Daniel Omielanczuk,Anthony Hamilton,4/11/2015,U-DEC,
Izabela Badurek,Alexandra Albu,4/11/2015,,
Marcin Bandel,Stevie Ray,4/11/2015,KO/TKO,Punches
Taylor Lapilus,Rocky Lee,4/11/2015,U-DEC,
Chad Mendes,Ricardo Lamas,4/4/2015,KO/TKO,Punches
Jorge Masvidal,Al Iaquinta,4/4/2015,S-DEC,
Michael Chiesa,Mitch Clarke,4/4/2015,U-DEC,
Julianna Pena,Milana Dudieva,4/4/2015,KO/TKO,Elbows
Clay Guida,Robert Peralta,4/4/2015,U-DEC,
Dustin Poirier,Diego Ferreira,4/4/2015,KO/TKO,Punch
Liz Carmouche,Lauren Murphy,4/4/2015,U-DEC,
Gray Maynard,Alexander Yakovlev,4/4/2015,U-DEC,
Shamil Abdurakhimov,Tim Johnson,4/4/2015,,
Ron Stallings,Justin Jones,4/4/2015,U-DEC,
Demian Maia,Ryan LaFlare,3/21/2015,U-DEC,
Erick Silva,Josh Koscheck,3/21/2015,SUB,Guillotine Choke
Leonardo Santos,Anthony Rocco Martin,3/21/2015,SUB,Rear Naked Choke
Amanda Nunes,Shayna Baszler,3/21/2015,KO/TKO,Kick
Gilbert Burns,Alex Oliveira,3/21/2015,SUB,Armbar
Godofredo Pepey,Andre Fili,3/21/2015,SUB,Triangle Choke
Francisco Trinaldo,Akbarh Arreola,3/21/2015,U-DEC,
Kevin Souza,Katsunori Kikuno,3/21/2015,,
Leonardo Mafra,Cain Carrizosa,3/21/2015,U-DEC,
Jorge de Oliveira,Christos Giagos,3/21/2015,SUB,Rear Naked Choke
Bentley Syler,Fredy Serrano,3/21/2015,KO/TKO,Punch
Anthony Pettis,Rafael Dos Anjos,3/14/2015,U-DEC,
Carla Esparza,Joanna Jedrzejczyk,3/14/2015,KO/TKO,Punches
Johny Hendricks,Matt Brown,3/14/2015,U-DEC,
Roy Nelson,Alistair Overeem,3/14/2015,U-DEC,
Chris Cariaso,Henry Cejudo,3/14/2015,U-DEC,
Ross Pearson,Sam Stout,3/14/2015,KO/TKO,Punch
Elias Theodorou,Roger Narvaez,3/14/2015,KO/TKO,Punches
Daron Cruickshank,Beneil Dariush,3/14/2015,SUB,Rear Naked Choke
Jared Rosholt,Josh Copeland,3/14/2015,KO/TKO,Punches
Sergio Pettis,Ryan Benoit,3/14/2015,KO/TKO,Punch
Jake Lindsey,Joe Duffy,3/14/2015,KO/TKO,Punch
Larissa Pacheco,Germaine de Randamie,3/14/2015,KO/TKO,Punch
Ronda Rousey,Cat Zingano,2/28/2015,SUB,Armbar
Raquel Pennington,Holly Holm,2/28/2015,S-DEC,
Jake Ellenberger,Josh Koscheck,2/28/2015,SUB,North-South Choke
Alan Jouban,Richard Walsh,2/28/2015,KO/TKO,Elbow
Tony Ferguson,Gleison Tibau,2/28/2015,SUB,Rear Naked Choke
Mark Munoz,Roan Carneiro,2/28/2015,SUB,Rear Naked Choke
Dhiego Lima,Tim Means,2/28/2015,KO/TKO,Punch
Derrick Lewis,Ruan Potts,2/28/2015,KO/TKO,Punches
James Krause,Valmir Lazaro,2/28/2015,S-DEC,
Masio Fullen,Alex Torres,2/28/2015,S-DEC,
Antonio Silva,Frank Mir,2/22/2015,KO/TKO,Punch
Edson Barboza,Michael Johnson,2/22/2015,U-DEC,
Cezar Ferreira,Sam Alvey,2/22/2015,KO/TKO,Punches
Rustam Khabilov,Adriano Martins,2/22/2015,S-DEC,
Iuri Alcantara,Frankie Saenz,2/22/2015,U-DEC,
Santiago Ponzinibbio,Sean Strickland,2/22/2015,U-DEC,
Jessica Andrade,Marion Reneau,2/22/2015,SUB,Triangle Choke
William Patolino,Matt Dwyer,2/22/2015,,
Tiago Trator,Mike de la Torre,2/22/2015,,
Douglas Silva de Andrade,Cody Gibson,2/22/2015,U-DEC,
Ivan Jorge,Josh Shockley,2/22/2015,U-DEC,
Benson Henderson,Brandon Thatch,2/14/2015,SUB,Rear Naked Choke
Max Holloway,Cole Miller,2/14/2015,U-DEC,
Neil Magny,Kiichi Kunimoto,2/14/2015,SUB,Rear Naked Choke
Daniel Kelly,Patrick Walsh,2/14/2015,U-DEC,
Michel Prazeres,Kevin Lee,2/14/2015,U-DEC,
Ray Borg,Chris Kelades,2/14/2015,SUB,Kimura
Efrain Escudero,Rodrigo de Lima,2/14/2015,U-DEC,
Chas Skelly,Jim Alers,2/14/2015,KO/TKO,Punches
Zach Makovsky,Tim Elliott,2/14/2015,U-DEC,
James Moontasri,Cody Pfister,2/14/2015,SUB,Rear Naked Choke
Tyron Woodley,Kelvin Gastelum,1/31/2015,S-DEC,
Joe Lauzon,Al Iaquinta,1/31/2015,KO/TKO,Punches
Thales Leites,Tim Boetsch,1/31/2015,SUB,Arm Triangle
Jordan Mein,Thiago Alves,1/31/2015,KO/TKO,Kick
Miesha Tate,Sara McMann,1/31/2015,M-DEC,
Ed Herman,Derek Brunson,1/31/2015,KO/TKO,Punch
Ian McCall,John Lineker,1/31/2015,U-DEC,
Rafael Natal,Tom Watson,1/31/2015,U-DEC,
Richardson Moreira,Ildemar Alcantara,1/31/2015,S-DEC,
Thiago Santos,Andy Enz,1/31/2015,KO/TKO,Punches
Alexander Gustafsson,Anthony Johnson,1/24/2015,KO/TKO,Punches
Dan Henderson,Gegard Mousasi,1/24/2015,KO/TKO,Punch
Phil Davis,Ryan Bader,1/24/2015,S-DEC,
Akira Corassani,Sam Sicilia,1/24/2015,KO/TKO,Punch
Nico Musoke,Albert Tumenov,1/24/2015,,
Kenny Robertson,Sultan Aliev,1/24/2015,KO/TKO,Punch
Andy Ogle,Makwan Amirkhani,1/24/2015,KO/TKO,Punches
Nikita Krylov,Stanislav Nedkov,1/24/2015,SUB,Guillotine Choke
Mairbek Taisumov,Anthony Christodoulou,1/24/2015,KO/TKO,Punches
Mirsad Bektic,Paul Redmond,1/24/2015,U-DEC,
Viktor Pesta,Konstantin Erokhin,1/24/2015,U-DEC,
Neil Seery,Chris Beal,1/24/2015,U-DEC,
Conor McGregor,Dennis Siver,1/18/2015,KO/TKO,Punch
Donald Cerrone,Benson Henderson,1/18/2015,U-DEC,
Uriah Hall,Ron Stallings,1/18/2015,KO/TKO,
Norman Parke,Gleison Tibau,1/18/2015,S-DEC,
Cathal Pendred,Sean Spencer,1/18/2015,U-DEC,
John Howard,Lorenz Larkin,1/18/2015,KO/TKO,Punch
Zhang Lipeng,Chris Wade,1/18/2015,,
Paddy Holohan,Shane Howell,1/18/2015,U-DEC,
Johnny Case,Frankie Perez,1/18/2015,KO/TKO,Punches
Charles Rosa,Sean Soriano,1/18/2015,SUB,D'Arce Choke
Matt Van Buren,Sean O'Connell,1/18/2015,KO/TKO,Punches
Tateki Matsuda,Joby Sanchez,1/18/2015,S-DEC,
Jon Jones,Daniel Cormier,1/3/2015,U-DEC,
Donald Cerrone,Myles Jury,1/3/2015,U-DEC,
Brad Tavares,Nate Marquardt,1/3/2015,U-DEC,
Kyoji Horiguchi,Louis Gaudinot,1/3/2015,U-DEC,
Danny Castillo,Paul Felder,1/3/2015,KO/TKO,Spinning Back Fist
Marcus Brimage,Cody Garbrandt,1/3/2015,KO/TKO,Punches
Shawn Jordan,Jared Cannonier,1/3/2015,KO/TKO,Punch
Evan Dunham,Rodrigo Damm,1/3/2015,U-DEC,
Omari Akhmedov,Mats Nilsson,1/3/2015,U-DEC,
Alexis Dufresne,Marion Reneau,1/3/2015,U-DEC,
Lyoto Machida,CB Dollaway,12/20/2014,KO/TKO,Kick
Renan Barao,Mitch Gagnon,12/20/2014,SUB,Arm Triangle
Antonio Carlos Junior,Patrick Cummins,12/20/2014,U-DEC,
Elias Silverio,Rashid Magomedov,12/20/2014,KO/TKO,Punches
Erick Silva,Mike Rhodes,12/20/2014,SUB,Arm Triangle
Daniel Sarafian,Antonio Dos Santos,12/20/2014,KO/TKO,
Marcos Rogerio de Lima,Igor Pokrajac,12/20/2014,KO/TKO,Punches
Tom Niinimaki,Renato Moicano,12/20/2014,SUB,Rear Naked Choke
Darren Elkins,Hacran Dias,12/20/2014,U-DEC,
Leandro Issa,Ulka Sasaki,12/20/2014,,
Marcio Alexandre Junior,Tim Means,12/20/2014,S-DEC,
Vitor Miranda,Jake Collier,12/20/2014,KO/TKO,Kick
Junior Dos Santos,Stipe Miocic,12/13/2014,U-DEC,
Rafael Dos Anjos,Nate Diaz,12/13/2014,U-DEC,
Alistair Overeem,Stefan Struve,12/13/2014,KO/TKO,Punch
Gabriel Gonzaga,Matt Mitrione,12/13/2014,KO/TKO,Punch
Claudia Gadelha,Joanna Jedrzejczyk,12/13/2014,S-DEC,
John Moraga,Willie Gates,12/13/2014,SUB,Rear Naked Choke
Joe Riggs,Ben Saunders,12/13/2014,SUB,Injury
Jamie Varner,Drew Dober,12/13/2014,SUB,Rear Naked Choke
Joe Ellenberger,Bryan Barberena,12/13/2014,KO/TKO,Punches
David Michaud,Garett Whiteley,12/13/2014,U-DEC,
Henry Cejudo,Dustin Kimura,12/13/2014,U-DEC,
Anthony Birchak,Ian Entwistle,12/13/2014,SUB,Heel Hook
Carla Esparza,Rose Namajunas,12/12/2014,SUB,Rear Naked Choke
Jeremy Stephens,Charles Oliveira,12/12/2014,U-DEC,
Joe Proctor,Yancy Medeiros,12/12/2014,SUB,Guillotine Choke
Jessica Penne,Randa Markos,12/12/2014,S-DEC,
Felice Herrig,Lisa Ellis,12/12/2014,SUB,Armbar
Bec Rawlings,Heather Jo Clark,12/12/2014,,
Joanne Calderwood,Seohee Ham,12/12/2014,,
Tecia Torres,Angela Magana,12/12/2014,U-DEC,
Aisling Daly,Alex Chambers,12/12/2014,SUB,Armbar
Emily Peters Kagan,Angela Hill,12/12/2014,,
Johny Hendricks,Robbie Lawler,12/6/2014,S-DEC,
Anthony Pettis,Gilbert Melendez,12/6/2014,SUB,Guillotine Choke
Travis Browne,Brendan Schaub,12/6/2014,KO/TKO,Punches
Todd Duffee,Anthony Hamilton,12/6/2014,KO/TKO,Punch
Tony Ferguson,Abel Trujillo,12/6/2014,SUB,Rear Naked Choke
Urijah Faber,Francisco Rivera,12/6/2014,SUB,Other - Choke
Eddie Gordon,Josh Samman,12/6/2014,KO/TKO,Kick
Corey Anderson,Justin Jones,12/6/2014,U-DEC,
Raquel Pennington,Ashlee Evans-Smith,12/6/2014,SUB,Other - Choke
Sergio Pettis,Matt Hobar,12/6/2014,U-DEC,
Alex White,Clay Collard,12/6/2014,U-DEC,
Frankie Edgar,Cub Swanson,11/22/2014,SUB,Neck Crank
Bobby Green,Edson Barboza,11/22/2014,U-DEC,
Brad Pickett,Chico Camus,11/22/2014,S-DEC,
Jared Rosholt,Aleksei Oleinik,11/22/2014,KO/TKO,Punch
Joseph Benavidez,Dustin Ortiz,11/22/2014,U-DEC,
Matt Wiman,Isaac Vallie-Flagg,11/22/2014,U-DEC,
Ruslan Magomedov,Josh Copeland,11/22/2014,U-DEC,
Luke Barnatt,Roger Narvaez,11/22/2014,S-DEC,
James Vick,Nick Hein,11/22/2014,U-DEC,
Yves Edwards,Akbarh Arreola,11/22/2014,SUB,Armbar
Paige VanZant,Kailin Curran,11/22/2014,KO/TKO,Punches
Juan Puig,Dooho Choi,11/22/2014,,
Fabricio Werdum,Mark Hunt,11/15/2014,KO/TKO,Flying Knee
Jake Ellenberger,Kelvin Gastelum,11/15/2014,SUB,Rear Naked Choke
Ricardo Lamas,Dennis Bermudez,11/15/2014,SUB,Guillotine Choke
Augusto Montano,Chris Heatherly,11/15/2014,KO/TKO,Knees
Edgar Garcia,Hector Urbina,11/15/2014,SUB,Guillotine Choke
Yair Rodriguez,Leonardo Morales,11/15/2014,U-DEC,
Alejandro Perez,Jose Quinonez,11/15/2014,U-DEC,
Jessica Eye,Leslie Smith,11/15/2014,KO/TKO,
Gabriel Benitez,Humberto Brown,11/15/2014,,
Henry Briones,Guido Cannetti,11/15/2014,SUB,Rear Naked Choke
Marco Beltran,Marlon Vera,11/15/2014,U-DEC,
Mauricio Rua,Ovince Saint Preux,11/8/2014,KO/TKO,Punch
Warlley Alves,Alan Jouban,11/8/2014,U-DEC,
Claudio Silva,Leon Edwards,11/8/2014,S-DEC,
Dhiego Lima,Jorge de Oliveira,11/8/2014,U-DEC,
Juliana Lima,Nina Ansaroff,11/8/2014,U-DEC,
Diego Rivas,Rodolfo Rubio,11/8/2014,,
Caio Magalhaes,Trevor Smith,11/8/2014,KO/TKO,Punch
Leandro Silva,Charlie Brenneman,11/8/2014,SUB,Rear Naked Choke
Thomas Almeida,Tim Gorman,11/8/2014,U-DEC,
Wagner Silva,Colby Covington,11/8/2014,SUB,Rear Naked Choke
Luke Rockhold,Michael Bisping,11/7/2014,SUB,Guillotine Choke
Ross Pearson,Al Iaquinta,11/7/2014,KO/TKO,Punch
Robert Whittaker,Clint Hester,11/7/2014,KO/TKO,Knee
Soa Palelei,Walt Harris,11/7/2014,KO/TKO,Punches
Jake Matthews,Vagner Rocha,11/7/2014,SUB,Rear Naked Choke
Anthony Perosh,Guto Inocente,11/7/2014,SUB,Rear Naked Choke
Dylan Andrews,Sam Alvey,11/7/2014,KO/TKO,Punches
Richie Vaculik,Louis Smolka,11/7/2014,KO/TKO,Kick
Vik Grujic,Chris Clements,11/7/2014,KO/TKO,Knee
Luke Zachrich,Daniel Kelly,11/7/2014,SUB,Kimura
Jumabieke Tuerxun,Marcus Brimage,11/7/2014,KO/TKO,Kick
Jose Aldo,Chad Mendes,10/25/2014,U-DEC,
Glover Teixeira,Phil Davis,10/25/2014,U-DEC,
Fabio Maldonado,Hans Stringer,10/25/2014,KO/TKO,Punches
Darren Elkins,Lucas Martins,10/25/2014,S-DEC,
Diego Ferreira,Beneil Dariush,10/25/2014,U-DEC,
William Patolino,Neil Magny,10/25/2014,,
Yan Cabral,Naoyuki Kotani,10/25/2014,SUB,Rear Naked Choke
Scott Jorgensen,Wilson Reis,10/25/2014,SUB,Arm Triangle
Felipe Arantes,Andre Fili,10/25/2014,U-DEC,
Gilbert Burns,Christos Giagos,10/25/2014,SUB,Armbar
Fabricio Camoes,Anthony Rocco Martin,10/25/2014,SUB,Kimura
Rory MacDonald,Tarec Saffiedine,10/4/2014,KO/TKO,Punch
Raphael Assuncao,Bryan Caraway,10/4/2014,U-DEC,
Chad Laprise,Yosdenis Cedeno,10/4/2014,U-DEC,
Elias Theodorou,Bruno Santos,10/4/2014,U-DEC,
Nordine Taleb,Li Jingliang,10/4/2014,,
Mitch Gagnon,Roman Salazar,10/4/2014,SUB,Rear Naked Choke
Daron Cruickshank,Anthony Njokuani,10/4/2014,U-DEC,
Olivier Aubin-Mercier,Jake Lindsey,10/4/2014,SUB,Other - Choke
Jason Saggo,Paul Felder,10/4/2014,S-DEC,
Paddy Holohan,Chris Kelades,10/4/2014,U-DEC,
Albert Tumenov,Matt Dwyer,10/4/2014,KO/TKO,Kick
Gunnar Nelson,Rick Story,10/4/2014,S-DEC,
Akira Corassani,Max Holloway,10/4/2014,KO/TKO,Punch
Ilir Latifi,Jan Blachowicz,10/4/2014,KO/TKO,Kick
Niklas Backstrom,Mike Wilkinson,10/4/2014,KO/TKO,Punch
Magnus Cedenblad,Scott Askham,10/4/2014,U-DEC,
Nico Musoke,Alexander Yakovlev,10/4/2014,,
Dennis Siver,Charles Rosa,10/4/2014,U-DEC,
Cathal Pendred,Gasan Umalatov,10/4/2014,S-DEC,
Tor Troeng,Krzysztof Jotko,10/4/2014,U-DEC,
Mairbek Taisumov,Marcin Bandel,10/4/2014,KO/TKO,Punch
Zubaira Tukhugov,Ernest Chavez,10/4/2014,KO/TKO,Punches
Demetrious Johnson,Chris Cariaso,9/27/2014,SUB,Kimura
Donald Cerrone,Eddie Alvarez,9/27/2014,U-DEC,
Dustin Poirier,Conor McGregor,9/27/2014,KO/TKO,Punch
Tim Kennedy,Yoel Romero,9/27/2014,KO/TKO,Punch
Cat Zingano,Amanda Nunes,9/27/2014,KO/TKO,Punches
Dominick Cruz,Takeya Mizugaki,9/27/2014,KO/TKO,Punches
Jorge Masvidal,James Krause,9/27/2014,U-DEC,
Patrick Cote,Stephen Thompson,9/27/2014,U-DEC,
John Howard,Brian Ebersole,9/27/2014,S-DEC,
Jon Tuck,Kevin Lee,9/27/2014,U-DEC,
Manvel Gamburyan,Cody Gibson,9/27/2014,SUB,Guillotine Choke
Mark Hunt,Roy Nelson,9/20/2014,KO/TKO,Punch
Myles Jury,Takanori Gomi,9/20/2014,KO/TKO,Punch
Yoshihiro Akiyama,Amir Sadollah,9/20/2014,U-DEC,
Miesha Tate,Rin Nakai,9/20/2014,U-DEC,
Kiichi Kunimoto,Richard Walsh,9/20/2014,S-DEC,
Kyoji Horiguchi,Jon Delos Reyes,9/20/2014,KO/TKO,Punches
Alex Caceres,Masanori Kanehara,9/20/2014,U-DEC,
Katsunori Kikuno,Sam Sicilia,9/20/2014,SUB,Rear Naked Choke
Hyun Gyu Lim,Takenori Sato,9/20/2014,KO/TKO,Elbows
Michinori Tanaka,Kyung Ho Kang,9/20/2014,S-DEC,
Kazuki Tokudome,Johnny Case,9/20/2014,SUB,Guillotine Choke
Maximo Blanco,Dan Hooker,9/20/2014,U-DEC,
Antonio Silva,Andrei Arlovski,9/13/2014,KO/TKO,Punch
Gleison Tibau,Piotr Hallmann,9/13/2014,S-DEC,
Leonardo Santos,Efrain Escudero,9/13/2014,U-DEC,
Santiago Ponzinibbio,Wendell Oliveira,9/13/2014,,
Iuri Alcantara,Russell Doane,9/13/2014,U-DEC,
Jessica Andrade,Larissa Pacheco,9/13/2014,SUB,Guillotine Choke
Godofredo Pepey,Dashon Johnson,9/13/2014,SUB,Armbar
Igor Araujo,George Sullivan,9/13/2014,KO/TKO,Punch
Francisco Trinaldo,Leandro Silva,9/13/2014,U-DEC,
Paulo Thiago,Sean Spencer,9/13/2014,U-DEC,
Rani Yahya,Johnny Bedford,9/13/2014,SUB,Kimura
Jacare Souza,Gegard Mousasi,9/5/2014,SUB,Guillotine Choke
Alistair Overeem,Ben Rothwell,9/5/2014,KO/TKO,Punch
Matt Mitrione,Derrick Lewis,9/5/2014,KO/TKO,Punches
Joe Lauzon,Michael Chiesa,9/5/2014,KO/TKO,
John Moraga,Justin Scoggins,9/5/2014,SUB,Guillotine Choke
Al Iaquinta,Rodrigo Damm,9/5/2014,KO/TKO,Elbows
Rafael Natal,Chris Camozzi,9/5/2014,S-DEC,
Chris Beal,Tateki Matsuda,9/5/2014,U-DEC,
Sean Soriano,Chas Skelly,9/5/2014,U-DEC,
TJ Dillashaw,Joe Soto,8/30/2014,KO/TKO,Kick
Tony Ferguson,Danny Castillo,8/30/2014,S-DEC,
Bethe Correia,Shayna Baszler,8/30/2014,KO/TKO,Punches
Ramsey Nijem,Diego Ferreira,8/30/2014,KO/TKO,Punch
Yancy Medeiros,Damon Jackson,8/30/2014,SUB,Other - Choke
Lorenz Larkin,Derek Brunson,8/30/2014,U-DEC,
Ruan Potts,Anthony Hamilton,8/30/2014,KO/TKO,Punches
Chris Wade,Cain Carrizosa,8/30/2014,SUB,Guillotine Choke
Benson Henderson,Rafael Dos Anjos,8/23/2014,KO/TKO,Punch
Mike Pyle,Jordan Mein,8/23/2014,KO/TKO,Punch
Francis Carmont,Thales Leites,8/23/2014,KO/TKO,Punch
Max Holloway,Clay Collard,8/23/2014,KO/TKO,Punches
James Vick,Valmir Lazaro,8/23/2014,U-DEC,
Chas Skelly,Tom Niinimaki,8/23/2014,SUB,Rear Naked Choke
Neil Magny,Alex Garcia,8/23/2014,U-DEC,
Beneil Dariush,Anthony Rocco Martin,8/23/2014,SUB,Arm Triangle
Aaron Phillips,Matt Hobar,8/23/2014,U-DEC,
Ben Saunders,Chris Heatherly,8/23/2014,SUB,Omoplata
Wilson Reis,Joby Sanchez,8/23/2014,U-DEC,
Michael Bisping,Cung Le,8/23/2014,KO/TKO,Knee
Tyron Woodley,Dong Hyun Kim,8/23/2014,KO/TKO,Punch
Zhang Lipeng,Brendan O'Reilly,8/23/2014,,
Ning Guangyou,Jianping Yang,8/23/2014,,
Sai Wang,Danny Mitchell,8/23/2014,U-DEC,
Alberto Mina,Shinsho Anzai,8/23/2014,KO/TKO,Punch
Roland Delorme,Ulka Sasaki,8/23/2014,,
An Ying Wang,Colby Covington,8/23/2014,,
Yao Zhikui,Royston Wee,8/23/2014,S-DEC,
Elizabeth Phillips,Milana Dudieva,8/23/2014,S-DEC,
Ryan Bader,Ovince Saint Preux,8/16/2014,U-DEC,
Gray Maynard,Ross Pearson,8/16/2014,KO/TKO,Punch
Tim Boetsch,Brad Tavares,8/16/2014,KO/TKO,Punch
Seth Baczynski,Alan Jouban,8/16/2014,KO/TKO,Punch
Shawn Jordan,Jack May,8/16/2014,KO/TKO,Punches
Thiago Tavares,Robert Peralta,8/16/2014,SUB,Rear Naked Choke
Jussier Formiga,Zach Makovsky,8/16/2014,U-DEC,
Sara McMann,Lauren Murphy,8/16/2014,S-DEC,
Tom Watson,Sam Alvey,8/16/2014,U-DEC,
Nolan Ticman,Frankie Saenz,8/16/2014,U-DEC,
Robbie Lawler,Matt Brown,7/26/2014,U-DEC,
Anthony Johnson,Rogerio Nogueira,7/26/2014,KO/TKO,Punch
Clay Guida,Dennis Bermudez,7/26/2014,SUB,Rear Naked Choke
Josh Thomson,Bobby Green,7/26/2014,S-DEC,
Daron Cruickshank,Jorge Masvidal,7/26/2014,U-DEC,
Kyle Kingsbury,Patrick Cummins,7/26/2014,U-DEC,
Hernani Perpetuo,Tim Means,7/26/2014,U-DEC,
Akbarh Arreola,Tiago Trator,7/26/2014,,
Andreas Stahl,Gilbert Burns,7/26/2014,U-DEC,
Juliana Lima,Joanna Jedrzejczyk,7/26/2014,U-DEC,
Steven Siler,Noad Lahat,7/26/2014,U-DEC,
Conor McGregor,Diego Brandao,7/19/2014,KO/TKO,Punch
Gunnar Nelson,Zak Cummings,7/19/2014,SUB,Rear Naked Choke
Brad Pickett,Ian McCall,7/19/2014,U-DEC,
Norman Parke,Naoyuki Kotani,7/19/2014,KO/TKO,Punches
Ilir Latifi,Chris Dempsey,7/19/2014,KO/TKO,Punch
Neil Seery,Phil Harris,7/19/2014,U-DEC,
Cathal Pendred,Mike King,7/19/2014,SUB,Rear Naked Choke
Tor Troeng,Trevor Smith,7/19/2014,U-DEC,
Cody Donovan,Nikita Krylov,7/19/2014,KO/TKO,Punches
Paddy Holohan,Joshua Sampo,7/19/2014,,
Donald Cerrone,Jim Miller,7/16/2014,KO/TKO,Kick
Edson Barboza,Evan Dunham,7/16/2014,KO/TKO,Kick
Rick Story,Leonardo Mafra,7/16/2014,SUB,Arm Triangle
Justin Salas,Joe Proctor,7/16/2014,KO/TKO,Punch
John Lineker,Alptekin Ozkilic,7/16/2014,KO/TKO,Punch
Lucas Martins,Alex White,7/16/2014,KO/TKO,Punch
Gleison Tibau,Pat Healy,7/16/2014,U-DEC,
Jessamyn Duke,Leslie Smith,7/16/2014,KO/TKO,Punch
Hugo Viana,Aljamain Sterling,7/16/2014,KO/TKO,Punches
Yosdenis Cedeno,Jerrod Sanders,7/16/2014,KO/TKO,
Claudia Gadelha,Tina Lahdemaki,7/16/2014,U-DEC,
Frankie Edgar,BJ Penn,7/6/2014,KO/TKO,Punches
Corey Anderson,Matt Van Buren,7/6/2014,KO/TKO,Punches
Dhiego Lima,Eddie Gordon,7/6/2014,KO/TKO,Punches
Derrick Lewis,Guto Inocente,7/6/2014,KO/TKO,Punches
Justin Scoggins,Dustin Ortiz,7/6/2014,S-DEC,
Jesse Ronson,Kevin Lee,7/6/2014,S-DEC,
Jumabieke Tuerxun,Leandro Issa,7/6/2014,SUB,Armbar
Adriano Martins,Juan Puig,7/6/2014,,
Patrick Walsh,Daniel Spohn,7/6/2014,U-DEC,
Sarah Moras,Alexis Dufresne,7/6/2014,U-DEC,
Chris Weidman,Lyoto Machida,7/5/2014,U-DEC,
Ronda Rousey,Alexis Davis,7/5/2014,KO/TKO,Punches
Uriah Hall,Thiago Santos,7/5/2014,U-DEC,
Marcus Brimage,Russell Doane,7/5/2014,S-DEC,
Urijah Faber,Alex Caceres,7/5/2014,SUB,Rear Naked Choke
Kenny Robertson,Ildemar Alcantara,7/5/2014,U-DEC,
Chris Camozzi,Bruno Santos,7/5/2014,S-DEC,
George Roop,Rob Font,7/5/2014,KO/TKO,Punch
Luke Zachrich,Guilherme Vasconcelos,7/5/2014,U-DEC,
Cub Swanson,Jeremy Stephens,6/28/2014,U-DEC,
Kelvin Gastelum,Nico Musoke,6/28/2014,,
Cezar Ferreira,Andrew Craig,6/28/2014,U-DEC,
Ricardo Lamas,Hacran Dias,6/28/2014,U-DEC,
Clint Hester,Antonio Braga Neto,6/28/2014,S-DEC,
Joe Ellenberger,James Moontasri,6/28/2014,S-DEC,
Colton Smith,Diego Ferreira,6/28/2014,SUB,Rear Naked Choke
Johnny Bedford,Cody Gibson,6/28/2014,KO/TKO,Punch
Marcelo Guimaraes,Andy Enz,6/28/2014,S-DEC,
Ray Borg,Shane Howell,6/28/2014,SUB,Rear Naked Choke
Aleksei Oleinik,Anthony Hamilton,6/28/2014,SUB,Neck Crank
James Te Huna,Nate Marquardt,6/28/2014,SUB,Armbar
Soa Palelei,Jared Rosholt,6/28/2014,U-DEC,
Hatsu Hioki,Charles Oliveira,6/28/2014,SUB,Anaconda Choke
Robert Whittaker,Mike Rhodes,6/28/2014,U-DEC,
Jake Matthews,Dashon Johnson,6/28/2014,SUB,Triangle Choke
Richie Vaculik,Roldan Sangcha-an,6/28/2014,,
Chris Indich,Vik Grujic,6/28/2014,KO/TKO,Punch
Neil Magny,Rodrigo de Lima,6/28/2014,KO/TKO,Punch
Dan Hooker,Ian Entwistle,6/28/2014,KO/TKO,Elbows
Gian Villante,Sean O'Connell,6/28/2014,S-DEC,
Demetrious Johnson,Ali Bagautinov,6/14/2014,U-DEC,
Rory MacDonald,Tyron Woodley,6/14/2014,U-DEC,
Ryan Bader,Rafael Feijao,6/14/2014,,
Andrei Arlovski,Brendan Schaub,6/14/2014,S-DEC,
Ovince Saint Preux,Ryan Jimmo,6/14/2014,KO/TKO,
Daniel Sarafian,Kiichi Kunimoto,6/14/2014,SUB,Rear Naked Choke
Valerie Letourneau,Elizabeth Phillips,6/14/2014,S-DEC,
Yves Jabouin,Mike Easton,6/14/2014,U-DEC,
Kajan Johnson,Tae Hyun Bang,6/14/2014,KO/TKO,Punch
Roland Delorme,Michinori Tanaka,6/14/2014,U-DEC,
Jason Saggo,Josh Shockley,6/14/2014,KO/TKO,Punches
Benson Henderson,Rustam Khabilov,6/7/2014,SUB,Rear Naked Choke
Diego Sanchez,Ross Pearson,6/7/2014,S-DEC,
John Dodson,John Moraga,6/7/2014,KO/TKO,
Rafael Dos Anjos,Jason High,6/7/2014,KO/TKO,Punch
Yves Edwards,Piotr Hallmann,6/7/2014,SUB,Rear Naked Choke
Erik Perez,Bryan Caraway,6/7/2014,SUB,Rear Naked Choke
Yaotzin Meza,Sergio Pettis,6/7/2014,U-DEC,
Bobby Voelker,Lance Benoist,6/7/2014,U-DEC,
Scott Jorgensen,Danny Martinez,6/7/2014,U-DEC,
Jon Tuck,Jake Lindsey,6/7/2014,KO/TKO,Kick
Patrick Cummins,Roger Narvaez,6/7/2014,KO/TKO,Punches
Stipe Miocic,Fabio Maldonado,5/31/2014,KO/TKO,Punch
Vitor Miranda,Antonio Carlos Junior,5/31/2014,U-DEC,
Marcio Alexandre Junior,Warlley Alves,5/31/2014,SUB,Guillotine Choke
Demian Maia,Alexander Yakovlev,5/31/2014,U-DEC,
Rony Jason,Robert Peralta,5/31/2014,S-DEC,
Rodrigo Damm,Rashid Magomedov,5/31/2014,U-DEC,
Elias Silverio,Ernest Chavez,5/31/2014,SUB,Rear Naked Choke
Paulo Thiago,Gasan Umalatov,5/31/2014,U-DEC,
Kevin Souza,Mark Eddiva,5/31/2014,,
Ricardo Abreu,Wagner Silva,5/31/2014,SUB,Rear Naked Choke
Marcos Rogerio de Lima,Richardson Moreira,5/31/2014,KO/TKO,Punch
Pedro Munhoz,Matt Hobar,5/31/2014,KO/TKO,Punches
Mark Munoz,Gegard Mousasi,5/31/2014,SUB,Rear Naked Choke
Francis Carmont,CB Dollaway,5/31/2014,U-DEC,
Luke Barnatt,Sean Strickland,5/31/2014,S-DEC,
Tom Niinimaki,Niklas Backstrom,5/31/2014,SUB,Rear Naked Choke
Nick Hein,Drew Dober,5/31/2014,U-DEC,
Magnus Cedenblad,Krzysztof Jotko,5/31/2014,SUB,Guillotine Choke
Vaughan Lee,Iuri Alcantara,5/31/2014,KO/TKO,Punch
Peter Sobotta,Pawel Pawlak,5/31/2014,U-DEC,
Andy Ogle,Maximo Blanco,5/31/2014,U-DEC,
Viktor Pesta,Ruslan Magomedov,5/31/2014,U-DEC,
Renan Barao,TJ Dillashaw,5/24/2014,KO/TKO,Punches
Daniel Cormier,Dan Henderson,5/24/2014,SUB,Rear Naked Choke
Robbie Lawler,Jake Ellenberger,5/24/2014,KO/TKO,Knee
Takeya Mizugaki,Francisco Rivera,5/24/2014,U-DEC,
Jamie Varner,James Krause,5/24/2014,KO/TKO,
Michael Chiesa,Francisco Trinaldo,5/24/2014,U-DEC,
Tony Ferguson,Katsunori Kikuno,5/24/2014,KO/TKO,Punch
Chris Holdsworth,Chico Camus,5/24/2014,U-DEC,
Al Iaquinta,Mitch Clarke,5/24/2014,SUB,D'Arce Choke
Anthony Njokuani,Vinc Pichel,5/24/2014,U-DEC,
Sam Sicilia,Aaron Phillips,5/24/2014,U-DEC,
David Michaud,Li Jingliang,5/24/2014,,
Matt Brown,Erick Silva,5/10/2014,KO/TKO,Punches
Costas Philippou,Lorenz Larkin,5/10/2014,,
Erik Koch,Daron Cruickshank,5/10/2014,KO/TKO,Kick
Neil Magny,Tim Means,5/10/2014,U-DEC,
Soa Palelei,Ruan Potts,5/10/2014,KO/TKO,Punch
Chris Cariaso,Louis Smolka,5/10/2014,S-DEC,
Ed Herman,Rafael Natal,5/10/2014,U-DEC,
Kyoji Horiguchi,Darrell Montague,5/10/2014,U-DEC,
Yan Cabral,Zak Cummings,5/10/2014,U-DEC,
Eddie Wineland,Johnny Eduardo,5/10/2014,KO/TKO,Punch
Manvel Gamburyan,Nik Lentz,5/10/2014,U-DEC,
Justin Salas,Ben Wall,5/10/2014,KO/TKO,Punch
Anthony Lapsley,Albert Tumenov,5/10/2014,KO/TKO,Punch
Jon Jones,Glover Teixeira,4/26/2014,U-DEC,
Phil Davis,Anthony Johnson,4/26/2014,U-DEC,
Luke Rockhold,Tim Boetsch,4/26/2014,SUB,Kimura
Jim Miller,Yancy Medeiros,4/26/2014,SUB,Guillotine Choke
Max Holloway,Andre Fili,4/26/2014,SUB,Guillotine Choke
Joseph Benavidez,Tim Elliott,4/26/2014,SUB,Guillotine Choke
Takanori Gomi,Isaac Vallie-Flagg,4/26/2014,U-DEC,
Jessamyn Duke,Bethe Correia,4/26/2014,U-DEC,
Danny Castillo,Charlie Brenneman,4/26/2014,KO/TKO,Punch
Chris Beal,Patrick Williams,4/26/2014,KO/TKO,Flying Knee
Fabricio Werdum,Travis Browne,4/19/2014,U-DEC,
Miesha Tate,Liz Carmouche,4/19/2014,U-DEC,
Donald Cerrone,Edson Barboza,4/19/2014,SUB,Rear Naked Choke
Brad Tavares,Yoel Romero,4/19/2014,U-DEC,
Rafael Dos Anjos,Khabib Nurmagomedov,4/19/2014,U-DEC,
Thiago Alves,Seth Baczynski,4/19/2014,U-DEC,
Jorge Masvidal,Pat Healy,4/19/2014,U-DEC,
Estevan Payan,Alex White,4/19/2014,KO/TKO,Punch
Caio Magalhaes,Luke Zachrich,4/19/2014,KO/TKO,Punch
Jordan Mein,Hernani Perpetuo,4/19/2014,S-DEC,
Dustin Ortiz,Ray Borg,4/19/2014,S-DEC,
Mirsad Bektic,Chas Skelly,4/19/2014,M-DEC,
Derrick Lewis,Jack May,4/19/2014,KO/TKO,Punches
Michael Bisping,Tim Kennedy,4/16/2014,U-DEC,
Patrick Cote,Kyle Noke,4/16/2014,U-DEC,
Sheldon Westcott,Elias Theodorou,4/16/2014,KO/TKO,Elbows
Chad Laprise,Olivier Aubin-Mercier,4/16/2014,S-DEC,
Dustin Poirier,Akira Corassani,4/16/2014,KO/TKO,Punch
Sam Stout,KJ Noons,4/16/2014,KO/TKO,Punch
Sarah Kaufman,Leslie Smith,4/16/2014,U-DEC,
Ryan Jimmo,Sean O'Connell,4/16/2014,KO/TKO,Punch
George Roop,Dustin Kimura,4/16/2014,U-DEC,
Mark Bocek,Mike de la Torre,4/16/2014,S-DEC,
Nordine Taleb,Vik Grujic,4/16/2014,U-DEC,
Richard Walsh,Chris Indich,4/16/2014,U-DEC,
Mitch Gagnon,Tim Gorman,4/16/2014,U-DEC,
Minotauro Nogueira,Roy Nelson,4/11/2014,,
Clay Guida,Tatsuya Kawajiri,4/11/2014,U-DEC,
John Howard,Ryan LaFlare,4/11/2014,U-DEC,
Ramsey Nijem,Beneil Dariush,4/11/2014,KO/TKO,Punches
Jared Rosholt,Daniel Omielanczuk,4/11/2014,U-DEC,
Thales Leites,Trevor Smith,4/11/2014,KO/TKO,Punch
Alan Omer,Jim Alers,4/11/2014,S-DEC,
Mauricio Rua,Dan Henderson,3/23/2014,KO/TKO,Punch
Cezar Ferreira,CB Dollaway,3/23/2014,KO/TKO,Punch
Fabio Maldonado,Gian Villante,3/23/2014,U-DEC,
Michel Prazeres,Mairbek Taisumov,3/23/2014,U-DEC,
Rony Jason,Steven Siler,3/23/2014,KO/TKO,Punch
Ronny Markes,Thiago Santos,3/23/2014,KO/TKO,Kick
Jussier Formiga,Scott Jorgensen,3/23/2014,SUB,Rear Naked Choke
Thiago Perpetuo,Kenny Robertson,3/23/2014,SUB,Rear Naked Choke
Francimar Barroso,Hans Stringer,3/23/2014,S-DEC,
Godofredo Pepey,Noad Lahat,3/23/2014,KO/TKO,Flying Knee
Johny Hendricks,Robbie Lawler,3/15/2014,U-DEC,
Carlos Condit,Tyron Woodley,3/15/2014,KO/TKO,
Diego Sanchez,Myles Jury,3/15/2014,U-DEC,
Jake Shields,Hector Lombard,3/15/2014,U-DEC,
Ovince Saint Preux,Nikita Krylov,3/15/2014,SUB,Other - Choke
Kelvin Gastelum,Rick Story,3/15/2014,S-DEC,
Raquel Pennington,Jessica Andrade,3/15/2014,S-DEC,
Dennis Bermudez,Jimy Hettes,3/15/2014,KO/TKO,Knee
Sean Spencer,Alex Garcia,3/15/2014,S-DEC,
Renee Forte,Francisco Trevino,3/15/2014,U-DEC,
Will Campuzano,Justin Scoggins,3/15/2014,U-DEC,
Bubba McDaniel,Sean Strickland,3/15/2014,,
Daniel Pineda,Rob Whiteford,3/15/2014,,
Alexander Gustafsson,Jimi Manuwa,3/8/2014,KO/TKO,Knee
Michael Johnson,Melvin Guillard,3/8/2014,U-DEC,
Brad Pickett,Neil Seery,3/8/2014,U-DEC,
Gunnar Nelson,Omari Akhmedov,3/8/2014,SUB,Guillotine Choke
Cyrille Diabate,Ilir Latifi,3/8/2014,SUB,Guillotine Choke
Luke Barnatt,Mats Nilsson,3/8/2014,KO/TKO,Kick
Bradley Scott,Claudio Silva,3/8/2014,,
Igor Araujo,Danny Mitchell,3/8/2014,U-DEC,
Dong Hyun Kim,John Hathaway,3/1/2014,KO/TKO,Elbow
Sai Wang,Zhang Lipeng,3/1/2014,,
Matt Mitrione,Shawn Jordan,3/1/2014,KO/TKO,Punch
Hatsu Hioki,Ivan Menjivar,3/1/2014,U-DEC,
Kazuki Tokudome,Yui Chul Nam,3/1/2014,S-DEC,
Nam Phan,Vaughan Lee,3/1/2014,U-DEC,
Albert Cheng,An Ying Wang,3/1/2014,,
Jumabieke Tuerxun,Mark Eddiva,3/1/2014,U-DEC,
Ronda Rousey,Sara McMann,2/22/2014,KO/TKO,Knee
Daniel Cormier,Patrick Cummins,2/22/2014,KO/TKO,Punch
Rory MacDonald,Demian Maia,2/22/2014,U-DEC,
Mike Pyle,TJ Waldburger,2/22/2014,KO/TKO,Elbows
Robert Whittaker,Stephen Thompson,2/22/2014,KO/TKO,Punches
Alexis Davis,Jessica Eye,2/22/2014,S-DEC,
Raphael Assuncao,Pedro Munhoz,2/22/2014,U-DEC,
Cody Gibson,Aljamain Sterling,2/22/2014,U-DEC,
Zach Makovsky,Joshua Sampo,2/22/2014,,
Rafaello Oliveira,Erik Koch,2/22/2014,KO/TKO,Punches
Ernest Chavez,Yosdenis Cedeno,2/22/2014,S-DEC,
Lyoto Machida,Gegard Mousasi,2/15/2014,U-DEC,
Jacare Souza,Francis Carmont,2/15/2014,U-DEC,
Erick Silva,Takenori Sato,2/15/2014,KO/TKO,Punches
Viscardi Andrade,Nico Musoke,2/15/2014,,
Charles Oliveira,Andy Ogle,2/15/2014,SUB,Triangle Choke
Cristiano Marcello,Joe Proctor,2/15/2014,U-DEC,
Rodrigo Damm,Ivan Jorge,2/15/2014,U-DEC,
Francisco Trinaldo,Jesse Ronson,2/15/2014,S-DEC,
Iuri Alcantara,Wilson Reis,2/15/2014,S-DEC,
Felipe Arantes,Maximo Blanco,2/15/2014,U-DEC,
Ildemar Alcantara,Albert Tumenov,2/15/2014,S-DEC,
Douglas Silva de Andrade,Zubaira Tukhugov,2/15/2014,U-DEC,
Renan Barao,Urijah Faber,2/1/2014,KO/TKO,Punch
Jose Aldo,Ricardo Lamas,2/1/2014,U-DEC,
Frank Mir,Alistair Overeem,2/1/2014,U-DEC,
John Lineker,Ali Bagautinov,2/1/2014,U-DEC,
Jamie Varner,Abel Trujillo,2/1/2014,KO/TKO,Punch
John Makdessi,Alan Patrick,2/1/2014,U-DEC,
Chris Cariaso,Danny Martinez,2/1/2014,U-DEC,
Nick Catone,Tom Watson,2/1/2014,S-DEC,
Al Iaquinta,Kevin Lee,2/1/2014,U-DEC,
Clint Hester,Andy Enz,2/1/2014,U-DEC,
Anthony Rocco Martin,Rashid Magomedov,2/1/2014,U-DEC,
Neil Magny,Gasan Umalatov,2/1/2014,U-DEC,
Benson Henderson,Josh Thomson,1/25/2014,S-DEC,
Stipe Miocic,Gabriel Gonzaga,1/25/2014,U-DEC,
Donald Cerrone,Adriano Martins,1/25/2014,KO/TKO,Kick
Darren Elkins,Jeremy Stephens,1/25/2014,U-DEC,
Alex Caceres,Sergio Pettis,1/25/2014,SUB,Rear Naked Choke
Eddie Wineland,Yves Jabouin,1/25/2014,KO/TKO,Punches
Junior Hernandez,Hugo Viana,1/25/2014,,
Daron Cruickshank,Mike Rio,1/25/2014,KO/TKO,Kick
George Sullivan,Mike Rhodes,1/25/2014,U-DEC,
Walt Harris,Nikita Krylov,1/25/2014,KO/TKO,Kick
Luke Rockhold,Costas Philippou,1/15/2014,,
Lorenz Larkin,Brad Tavares,1/15/2014,U-DEC,
TJ Dillashaw,Mike Easton,1/15/2014,U-DEC,
Yoel Romero,Derek Brunson,1/15/2014,KO/TKO,Elbows
John Moraga,Dustin Ortiz,1/15/2014,S-DEC,
Cole Miller,Sam Sicilia,1/15/2014,SUB,Rear Naked Choke
Ramsey Nijem,Justin Edwards,1/15/2014,U-DEC,
Isaac Vallie-Flagg,Elias Silverio,1/15/2014,U-DEC,
Trevor Smith,Brian Houston,1/15/2014,S-DEC,
Alptekin Ozkilic,Louis Smolka,1/15/2014,U-DEC,
Vinc Pichel,Garett Whiteley,1/15/2014,U-DEC,
Charlie Brenneman,Beneil Dariush,1/15/2014,SUB,Rear Naked Choke
Tarec Saffiedine,Hyun Gyu Lim,1/4/2014,U-DEC,
Tatsuya Kawajiri,Sean Soriano,1/4/2014,SUB,Rear Naked Choke
Kiichi Kunimoto,Luiz Dutra,1/4/2014,DQ,
Kyung Ho Kang,Shunichi Shimizu,1/4/2014,SUB,Arm Triangle
Max Holloway,Will Chope,1/4/2014,KO/TKO,Punch
Katsunori Kikuno,Quinn Mulhern,1/4/2014,U-DEC,
Royston Wee,Dave Galera,1/4/2014,U-DEC,
Mairbek Taisumov,Tae Hyun Bang,1/4/2014,U-DEC,
Dustin Kimura,Jon Delos Reyes,1/4/2014,SUB,Armbar
Leandro Issa,Russell Doane,1/4/2014,SUB,Triangle Choke
Chris Weidman,Anderson Silva,12/28/2013,KO/TKO,
Ronda Rousey,Miesha Tate,12/28/2013,SUB,Armbar
Josh Barnett,Travis Browne,12/28/2013,KO/TKO,Elbows
Jim Miller,Fabricio Camoes,12/28/2013,SUB,Armbar
Dustin Poirier,Diego Brandao,12/28/2013,KO/TKO,Punches
Chris Leben,Uriah Hall,12/28/2013,KO/TKO,
Gleison Tibau,Michael Johnson,12/28/2013,KO/TKO,Punch
John Howard,Siyar Bahadurzada,12/28/2013,U-DEC,
William Patolino,Bobby Voelker,12/28/2013,,
Robert Peralta,Estevan Payan,12/28/2013,KO/TKO,Punches
Demetrious Johnson,Joseph Benavidez,12/14/2013,KO/TKO,Punch
Urijah Faber,Michael McDonald,12/14/2013,SUB,Guillotine Choke
Chad Mendes,Nik Lentz,12/14/2013,U-DEC,
Joe Lauzon,Mac Danzig,12/14/2013,U-DEC,
Court McGee,Ryan LaFlare,12/14/2013,U-DEC,
Danny Castillo,Edson Barboza,12/14/2013,M-DEC,
Bobby Green,Pat Healy,12/14/2013,U-DEC,
Scott Jorgensen,Zach Makovsky,12/14/2013,U-DEC,
Sam Stout,Cody McKenzie,12/14/2013,U-DEC,
Abel Trujillo,Roger Bowling,12/14/2013,KO/TKO,Punches
Darren Uyenoyama,Alptekin Ozkilic,12/14/2013,S-DEC,
Mauricio Rua,James Te Huna,12/6/2013,KO/TKO,Punch
Ryan Bader,Anthony Perosh,12/6/2013,U-DEC,
Pat Barry,Soa Palelei,12/6/2013,KO/TKO,Punches
Dylan Andrews,Clint Hester,12/6/2013,KO/TKO,
Julie Kedzie,Bethe Correia,12/6/2013,S-DEC,
Takeya Mizugaki,Nam Phan,12/6/2013,U-DEC,
Nick Ring,Caio Magalhaes,12/6/2013,U-DEC,
Richie Vaculik,Justin Scoggins,12/6/2013,KO/TKO,Punches
Bruno Santos,Krzysztof Jotko,12/6/2013,U-DEC,
Ben Wall,Alex Garcia,12/6/2013,KO/TKO,Punch
Gray Maynard,Nate Diaz,11/30/2013,KO/TKO,Punches
Julianna Pena,Jessica Rakoczy,11/30/2013,KO/TKO,Punches
Chris Holdsworth,Davey Grant,11/30/2013,SUB,Rear Naked Choke
Jessamyn Duke,Peggy Morgan,11/30/2013,U-DEC,
Roxanne Modafferi,Raquel Pennington,11/30/2013,U-DEC,
Akira Corassani,Maximo Blanco,11/30/2013,DQ,
Rani Yahya,Tom Niinimaki,11/30/2013,S-DEC,
Jared Rosholt,Walt Harris,11/30/2013,U-DEC,
Sean Spencer,Drew Dober,11/30/2013,U-DEC,
Joshua Sampo,Ryan Benoit,11/30/2013,,
Georges St-Pierre,Johny Hendricks,11/16/2013,S-DEC,
Rashad Evans,Chael Sonnen,11/16/2013,KO/TKO,Punches
Rory MacDonald,Robbie Lawler,11/16/2013,S-DEC,
Josh Koscheck,Tyron Woodley,11/16/2013,KO/TKO,Punch
Tim Elliott,Ali Bagautinov,11/16/2013,U-DEC,
Donald Cerrone,Evan Dunham,11/16/2013,SUB,Triangle Choke
Ed Herman,Thales Leites,11/16/2013,U-DEC,
Brian Ebersole,Rick Story,11/16/2013,U-DEC,
Erik Perez,Edwin Figueroa,11/16/2013,U-DEC,
Jason High,Anthony Lapsley,11/16/2013,U-DEC,
Will Campuzano,Sergio Pettis,11/16/2013,U-DEC,
Cody Donovan,Gian Villante,11/16/2013,KO/TKO,Punch
Vitor Belfort,Dan Henderson,11/9/2013,KO/TKO,Kick
Cezar Ferreira,Daniel Sarafian,11/9/2013,S-DEC,
Rafael Feijao,Igor Pokrajac,11/9/2013,,
Paulo Thiago,Brandon Thatch,11/9/2013,KO/TKO,Knee
Santiago Ponzinibbio,Ryan LaFlare,11/9/2013,U-DEC,
Rony Jason,Jeremy Stephens,11/9/2013,KO/TKO,Kick
Godofredo Pepey,Sam Sicilia,11/9/2013,KO/TKO,Punches
Thiago Perpetuo,Omari Akhmedov,11/9/2013,KO/TKO,
Thiago Tavares,Justin Salas,11/9/2013,SUB,Rear Naked Choke
Adriano Martins,Daron Cruickshank,11/9/2013,SUB,Armbar
Jose Maria,Dustin Ortiz,11/9/2013,KO/TKO,Punches
Tim Kennedy,Rafael Natal,11/6/2013,KO/TKO,Punch
Liz Carmouche,Alexis Davis,11/6/2013,U-DEC,
Ronny Markes,Yoel Romero,11/6/2013,KO/TKO,Punch
Jorge Masvidal,Rustam Khabilov,11/6/2013,U-DEC,
Colton Smith,Michael Chiesa,11/6/2013,SUB,Rear Naked Choke
Bobby Green,James Krause,11/6/2013,KO/TKO,Kick
George Roop,Francisco Rivera,11/6/2013,KO/TKO,Punch
Dennis Bermudez,Steven Siler,11/6/2013,U-DEC,
Amanda Nunes,Germaine de Randamie,11/6/2013,KO/TKO,Elbows
Chris Camozzi,Lorenz Larkin,11/6/2013,U-DEC,
Neil Magny,Seth Baczynski,11/6/2013,U-DEC,
Derek Brunson,Brian Houston,11/6/2013,SUB,Rear Naked Choke
Lyoto Machida,Mark Munoz,10/26/2013,KO/TKO,Kick
Jimi Manuwa,Ryan Jimmo,10/26/2013,KO/TKO,
Norman Parke,Jon Tuck,10/26/2013,U-DEC,
Alessio Sakara,Nico Musoke,10/26/2013,,
Phil Harris,John Lineker,10/26/2013,KO/TKO,Punch
Al Iaquinta,Piotr Hallmann,10/26/2013,U-DEC,
Luke Barnatt,Andrew Craig,10/26/2013,SUB,Rear Naked Choke
Rosi Sexton,Jessica Andrade,10/26/2013,U-DEC,
Andy Ogle,Cole Miller,10/26/2013,U-DEC,
Jimy Hettes,Rob Whiteford,10/26/2013,,
Bradley Scott,Michael Kuiper,10/26/2013,,
Cain Velasquez,Junior Dos Santos,10/19/2013,KO/TKO,Punch
Daniel Cormier,Roy Nelson,10/19/2013,U-DEC,
Gilbert Melendez,Diego Sanchez,10/19/2013,U-DEC,
Gabriel Gonzaga,Shawn Jordan,10/19/2013,KO/TKO,Punch
John Dodson,Darrell Montague,10/19/2013,KO/TKO,Punch
Tim Boetsch,CB Dollaway,10/19/2013,S-DEC,
Nate Marquardt,Hector Lombard,10/19/2013,KO/TKO,Punch
George Sotiropoulos,KJ Noons,10/19/2013,U-DEC,
TJ Waldburger,Adlan Amagov,10/19/2013,KO/TKO,Punch
Tony Ferguson,Mike Rio,10/19/2013,SUB,D'Arce Choke
Jeremy Larsen,Andre Fili,10/19/2013,KO/TKO,Punch
Dustin Pague,Kyoji Horiguchi,10/19/2013,KO/TKO,Punches
Demian Maia,Jake Shields,10/9/2013,S-DEC,
Erick Silva,Dong Hyun Kim,10/9/2013,KO/TKO,Punch
Thiago Silva,Matt Hamill,10/9/2013,U-DEC,
Fabio Maldonado,Joey Beltran,10/9/2013,S-DEC,
Rousimar Palhares,Mike Pierce,10/9/2013,SUB,Heel Hook
Raphael Assuncao,TJ Dillashaw,10/9/2013,S-DEC,
Ildemar Alcantara,Igor Araujo,10/9/2013,U-DEC,
Yan Cabral,David Mitchell,10/9/2013,U-DEC,
Iliarde Santos,Chris Cariaso,10/9/2013,KO/TKO,Punches
Alan Patrick,Garett Whiteley,10/9/2013,KO/TKO,Punch
Jon Jones,Alexander Gustafsson,9/21/2013,U-DEC,
Renan Barao,Eddie Wineland,9/21/2013,KO/TKO,Spinning Back Kick
Brendan Schaub,Matt Mitrione,9/21/2013,SUB,D'Arce Choke
Costas Philippou,Francis Carmont,9/21/2013,,
Pat Healy,Khabib Nurmagomedov,9/21/2013,U-DEC,
Mike Ricci,Myles Jury,9/21/2013,S-DEC,
Ivan Menjivar,Wilson Reis,9/21/2013,U-DEC,
Chris Clements,Stephen Thompson,9/21/2013,KO/TKO,Punch
Mitch Gagnon,Dustin Kimura,9/21/2013,SUB,Guillotine Choke
John Makdessi,Renee Forte,9/21/2013,KO/TKO,Punch
Michel Prazeres,Jesse Ronson,9/21/2013,S-DEC,
Roland Delorme,Alex Caceres,9/21/2013,S-DEC,
Nandor Guelmino,Daniel Omielanczuk,9/21/2013,KO/TKO,Punch
Glover Teixeira,Ryan Bader,9/4/2013,KO/TKO,Punch
Yushin Okami,Jacare Souza,9/4/2013,KO/TKO,Punch
Joseph Benavidez,Jussier Formiga,9/4/2013,KO/TKO,Knee
Francisco Trinaldo,Piotr Hallmann,9/4/2013,SUB,Kimura
Rafael Natal,Tor Troeng,9/4/2013,U-DEC,
Marcos Vinicius,Ali Bagautinov,9/4/2013,KO/TKO,Punch
Felipe Arantes,Kevin Souza,9/4/2013,,
Lucas Martins,Junior Hernandez,9/4/2013,,
Joao Zeferino,Elias Silverio,9/4/2013,U-DEC,
Keith Wisniewski,Ivan Jorge,9/4/2013,U-DEC,
Yuri Villefort,Sean Spencer,9/4/2013,S-DEC,
Benson Henderson,Anthony Pettis,8/31/2013,SUB,Armbar
Frank Mir,Josh Barnett,8/31/2013,KO/TKO,Knee
Chad Mendes,Clay Guida,8/31/2013,KO/TKO,Punch
Ben Rothwell,Brandon Vera,8/31/2013,KO/TKO,Punches
Erik Koch,Dustin Poirier,8/31/2013,U-DEC,
Jamie Varner,Gleison Tibau,8/31/2013,S-DEC,
Louis Gaudinot,Tim Elliott,8/31/2013,U-DEC,
Pascal Krauss,Hyun Gyu Lim,8/31/2013,KO/TKO,Knee
Chico Camus,Kyung Ho Kang,8/31/2013,U-DEC,
Soa Palelei,Nikita Krylov,8/31/2013,KO/TKO,Punches
Ryan Couture,Al Iaquinta,8/31/2013,U-DEC,
Jared Hamman,Magnus Cedenblad,8/31/2013,SUB,Guillotine Choke
Carlos Condit,Martin Kampmann,8/28/2013,KO/TKO,Punch
Donald Cerrone,Rafael Dos Anjos,8/28/2013,U-DEC,
Kelvin Gastelum,Brian Melancon,8/28/2013,SUB,Rear Naked Choke
Court McGee,Robert Whittaker,8/28/2013,S-DEC,
Takeya Mizugaki,Erik Perez,8/28/2013,S-DEC,
Brad Tavares,Bubba McDaniel,8/28/2013,,
Dylan Andrews,Papy Abedi,8/28/2013,KO/TKO,Punch
Justin Edwards,Brandon Thatch,8/28/2013,KO/TKO,Punch
Darren Elkins,Hatsu Hioki,8/28/2013,U-DEC,
James Head,Jason High,8/28/2013,SUB,Guillotine Choke
Zak Cummings,Benny Alloway,8/28/2013,,
Mauricio Rua,Chael Sonnen,8/17/2013,SUB,Guillotine Choke
Alistair Overeem,Travis Browne,8/17/2013,KO/TKO,Kick
Urijah Faber,Iuri Alcantara,8/17/2013,U-DEC,
Matt Brown,Mike Pyle,8/17/2013,KO/TKO,Knee
Uriah Hall,John Howard,8/17/2013,S-DEC,
Joe Lauzon,Michael Johnson,8/17/2013,U-DEC,
Brad Pickett,Michael McDonald,8/17/2013,SUB,Triangle Choke
Conor McGregor,Max Holloway,8/17/2013,U-DEC,
Mike Brown,Steven Siler,8/17/2013,KO/TKO,Punch
Diego Brandao,Daniel Pineda,8/17/2013,U-DEC,
Manvel Gamburyan,Cole Miller,8/17/2013,U-DEC,
Cody Donovan,Ovince Saint Preux,8/17/2013,KO/TKO,Punches
Ramsey Nijem,James Vick,8/17/2013,SUB,Guillotine Choke
Jose Aldo,Chan Sung Jung,8/3/2013,KO/TKO,Punches
Lyoto Machida,Phil Davis,8/3/2013,U-DEC,
Cezar Ferreira,Thiago Santos,8/3/2013,SUB,Guillotine Choke
Thales Leites,Tom Watson,8/3/2013,U-DEC,
John Lineker,Jose Maria,8/3/2013,KO/TKO,Punches
Vinny Magalhaes,Anthony Perosh,8/3/2013,KO/TKO,Punch
Amanda Nunes,Sheila Gaff,8/3/2013,KO/TKO,Elbows
Sergio Moraes,Neil Magny,8/3/2013,SUB,Triangle Choke
Ian McCall,Iliarde Santos,8/3/2013,U-DEC,
Rani Yahya,Josh Clopton,8/3/2013,U-DEC,
Ednaldo Oliveira,Francimar Barroso,8/3/2013,U-DEC,
Viscardi Andrade,Bristol Marunde,8/3/2013,KO/TKO,Punch
Demetrious Johnson,John Moraga,7/27/2013,SUB,Armbar
Rory MacDonald,Jake Ellenberger,7/27/2013,U-DEC,
Robbie Lawler,Bobby Voelker,7/27/2013,KO/TKO,Kick
Liz Carmouche,Jessica Andrade,7/27/2013,KO/TKO,Punches
Michael Chiesa,Jorge Masvidal,7/27/2013,SUB,D'Arce Choke
Danny Castillo,Tim Means,7/27/2013,U-DEC,
Mac Danzig,Melvin Guillard,7/27/2013,KO/TKO,Punch
Yves Edwards,Daron Cruickshank,7/27/2013,S-DEC,
Ed Herman,Trevor Smith,7/27/2013,S-DEC,
Julie Kedzie,Germaine de Randamie,7/27/2013,S-DEC,
Aaron Riley,Justin Salas,7/27/2013,S-DEC,
John Albert,Yaotzin Meza,7/27/2013,SUB,Rear Naked Choke
Anderson Silva,Chris Weidman,7/6/2013,KO/TKO,Punch
Frankie Edgar,Charles Oliveira,7/6/2013,U-DEC,
Tim Kennedy,Roger Gracie,7/6/2013,U-DEC,
Mark Munoz,Tim Boetsch,7/6/2013,U-DEC,
Cub Swanson,Dennis Siver,7/6/2013,KO/TKO,Punches
Chris Leben,Andrew Craig,7/6/2013,S-DEC,
Norman Parke,Kazuki Tokudome,7/6/2013,U-DEC,
Gabriel Gonzaga,Dave Herman,7/6/2013,KO/TKO,Punch
Edson Barboza,Rafaello Oliveira,7/6/2013,KO/TKO,Kicks
Seth Baczynski,Brian Melancon,7/6/2013,KO/TKO,Punches
Mike Pierce,David Mitchell,7/6/2013,KO/TKO,Knee
Rashad Evans,Dan Henderson,6/15/2013,S-DEC,
Roy Nelson,Stipe Miocic,6/15/2013,U-DEC,
Ryan Jimmo,Igor Pokrajac,6/15/2013,U-DEC,
Alexis Davis,Rosi Sexton,6/15/2013,U-DEC,
Pat Barry,Shawn Jordan,6/15/2013,KO/TKO,Punches
Jake Shields,Tyron Woodley,6/15/2013,S-DEC,
Sam Stout,James Krause,6/15/2013,SUB,Guillotine Choke
Sean Pierson,Kenny Robertson,6/15/2013,M-DEC,
Roland Delorme,Edwin Figueroa,6/15/2013,U-DEC,
Mitch Clarke,John Maguire,6/15/2013,U-DEC,
Yves Jabouin,Dustin Pague,6/15/2013,S-DEC,
Minotauro Nogueira,Fabricio Werdum,6/8/2013,,
William Patolino,Leonardo Santos,6/8/2013,,
Thiago Silva,Rafael Feijao,6/8/2013,,
Erick Silva,Jason High,6/8/2013,SUB,Armbar
Daniel Sarafian,Eddie Mendez,6/8/2013,SUB,Arm Triangle
Rony Jason,Mike Wilkinson,6/8/2013,SUB,Triangle Choke
Raphael Assuncao,Vaughan Lee,6/8/2013,SUB,Armbar
Godofredo Pepey,Felipe Arantes,6/8/2013,KO/TKO,Elbows
Ildemar Alcantara,Leandro Silva,6/8/2013,U-DEC,
Rodrigo Damm,Mizuto Hirota,6/8/2013,S-DEC,
Caio Magalhaes,Karlos Vemola,6/8/2013,SUB,Rear Naked Choke
Antonio Braga Neto,Anthony Smith,6/8/2013,SUB,Kneebar
Cain Velasquez,Antonio Silva,5/25/2013,KO/TKO,Punch
Junior Dos Santos,Mark Hunt,5/25/2013,KO/TKO,Kick
Glover Teixeira,James Te Huna,5/25/2013,SUB,Guillotine Choke
Gray Maynard,TJ Grant,5/25/2013,KO/TKO,Punches
Donald Cerrone,KJ Noons,5/25/2013,U-DEC,
Mike Pyle,Rick Story,5/25/2013,S-DEC,
Dennis Bermudez,Max Holloway,5/25/2013,S-DEC,
Colton Smith,Robert Whittaker,5/25/2013,KO/TKO,Punch
Khabib Nurmagomedov,Abel Trujillo,5/25/2013,U-DEC,
Stephen Thompson,Nah-Shon Burrell,5/25/2013,U-DEC,
Brian Bowles,George Roop,5/25/2013,KO/TKO,Punch
Jeremy Stephens,Estevan Payan,5/25/2013,U-DEC,
Vitor Belfort,Luke Rockhold,5/18/2013,KO/TKO,Kick
Jacare Souza,Chris Camozzi,5/18/2013,SUB,Arm Triangle
Rafael Dos Anjos,Evan Dunham,5/18/2013,U-DEC,
Rafael Natal,Joao Zeferino,5/18/2013,U-DEC,
Hacran Dias,Nik Lentz,5/18/2013,U-DEC,
Francisco Trinaldo,Mike Rio,5/18/2013,SUB,Arm Triangle
Gleison Tibau,John Cholish,5/18/2013,SUB,Guillotine Choke
Paulo Thiago,Michel Prazeres,5/18/2013,U-DEC,
Iuri Alcantara,Iliarde Santos,5/18/2013,KO/TKO,Punch
Fabio Maldonado,Roger Hollett,5/18/2013,U-DEC,
John Lineker,Azamat Gashimov,5/18/2013,KO/TKO,Punch
Jussier Formiga,Chris Cariaso,5/18/2013,U-DEC,
Lucas Martins,Jeremy Larsen,5/18/2013,KO/TKO,Punch
Jon Jones,Chael Sonnen,4/27/2013,KO/TKO,Punches
Michael Bisping,Alan Belcher,4/27/2013,U-DEC,
Roy Nelson,Cheick Kongo,4/27/2013,KO/TKO,Punch
Phil Davis,Vinny Magalhaes,4/27/2013,U-DEC,
Rustam Khabilov,Yancy Medeiros,4/27/2013,KO/TKO,
Gian Villante,Ovince Saint Preux,4/27/2013,M-DEC,
Sara McMann,Sheila Gaff,4/27/2013,KO/TKO,Punches
Bryan Caraway,Johnny Bedford,4/27/2013,SUB,Guillotine Choke
Leonard Garcia,Cody McKenzie,4/27/2013,U-DEC,
Steven Siler,Kurt Holobaugh,4/27/2013,U-DEC,
Benson Henderson,Gilbert Melendez,4/20/2013,S-DEC,
Frank Mir,Daniel Cormier,4/20/2013,U-DEC,
Nate Diaz,Josh Thomson,4/20/2013,KO/TKO,Kick
Matt Brown,Jordan Mein,4/20/2013,KO/TKO,Elbows
Chad Mendes,Darren Elkins,4/20/2013,KO/TKO,Punch
Francis Carmont,Lorenz Larkin,4/20/2013,U-DEC,
Ramsey Nijem,Myles Jury,4/20/2013,KO/TKO,Punch
Joseph Benavidez,Darren Uyenoyama,4/20/2013,KO/TKO,Punch
Tim Means,Jorge Masvidal,4/20/2013,U-DEC,
TJ Dillashaw,Hugo Viana,4/20/2013,KO/TKO,Punches
Anthony Njokuani,Roger Bowling,4/20/2013,KO/TKO,Punch
Clifford Starks,Yoel Romero,4/20/2013,KO/TKO,Flying Knee
Urijah Faber,Scott Jorgensen,4/13/2013,SUB,Rear Naked Choke
Uriah Hall,Kelvin Gastelum,4/13/2013,S-DEC,
Miesha Tate,Cat Zingano,4/13/2013,KO/TKO,Knees
Travis Browne,Gabriel Gonzaga,4/13/2013,KO/TKO,Elbows
Bubba McDaniel,Gilbert Smith,4/13/2013,,
Josh Samman,Kevin Casey,4/13/2013,KO/TKO,Knee
Luke Barnatt,Collin Hart,4/13/2013,U-DEC,
Dylan Andrews,Jimmy Quinlan,4/13/2013,KO/TKO,Punch
Bristol Marunde,Clint Hester,4/13/2013,KO/TKO,Elbow
Cole Miller,Bart Palaszewski,4/13/2013,SUB,Rear Naked Choke
Sam Sicilia,Maximo Blanco,4/13/2013,U-DEC,
Justin Lawrence,Daniel Pineda,4/13/2013,SUB,Kimura
Gegard Mousasi,Ilir Latifi,4/6/2013,U-DEC,
Ryan Couture,Ross Pearson,4/6/2013,KO/TKO,Punches
Matt Mitrione,Philip De Fries,4/6/2013,KO/TKO,Punches
Brad Pickett,Mike Easton,4/6/2013,S-DEC,
Diego Brandao,Pablo Garza,4/6/2013,SUB,Arm Triangle
Akira Corassani,Robert Peralta,4/6/2013,U-DEC,
Reza Madadi,Michael Johnson,4/6/2013,SUB,D'Arce Choke
Tor Troeng,Adam Cella,4/6/2013,SUB,Rear Naked Choke
Chris Spang,Adlan Amagov,4/6/2013,U-DEC,
Marcus Brimage,Conor McGregor,4/6/2013,KO/TKO,Punches
Benny Alloway,Ryan LaFlare,4/6/2013,,
Michael Kuiper,Tom Lawlor,4/6/2013,SUB,Guillotine Choke
Papy Abedi,Besam Yousef,4/6/2013,S-DEC,
Georges St-Pierre,Nick Diaz,3/16/2013,U-DEC,
Carlos Condit,Johny Hendricks,3/16/2013,U-DEC,
Jake Ellenberger,Nate Marquardt,3/16/2013,KO/TKO,Punch
Nick Ring,Chris Camozzi,3/16/2013,S-DEC,
Mike Ricci,Colin Fletcher,3/16/2013,U-DEC,
Patrick Cote,Bobby Voelker,3/16/2013,U-DEC,
Antonio Carvalho,Darren Elkins,3/16/2013,KO/TKO,Punch
Dan Miller,Jordan Mein,3/16/2013,KO/TKO,Punches
John Makdessi,Daron Cruickshank,3/16/2013,U-DEC,
Rick Story,Quinn Mulhern,3/16/2013,KO/TKO,Punch
TJ Dillashaw,Issei Tamura,3/16/2013,KO/TKO,Kick
George Roop,Reuben Duran,3/16/2013,U-DEC,
Wanderlei Silva,Brian Stann,3/2/2013,KO/TKO,Punch
Stefan Struve,Mark Hunt,3/2/2013,KO/TKO,Punch
Takanori Gomi,Diego Sanchez,3/2/2013,S-DEC,
Yushin Okami,Hector Lombard,3/2/2013,S-DEC,
Mizuto Hirota,Rani Yahya,3/2/2013,U-DEC,
Dong Hyun Kim,Siyar Bahadurzada,3/2/2013,U-DEC,
Riki Fukuda,Brad Tavares,3/2/2013,U-DEC,
Takeya Mizugaki,Bryan Caraway,3/2/2013,S-DEC,
Cristiano Marcello,Kazuki Tokudome,3/2/2013,U-DEC,
Marcelo Guimaraes,Hyun Gyu Lim,3/2/2013,KO/TKO,Knee
Ronda Rousey,Liz Carmouche,2/23/2013,SUB,Armbar
Lyoto Machida,Dan Henderson,2/23/2013,S-DEC,
Urijah Faber,Ivan Menjivar,2/23/2013,SUB,Rear Naked Choke
Court McGee,Josh Neer,2/23/2013,U-DEC,
Josh Koscheck,Robbie Lawler,2/23/2013,KO/TKO,Punches
Brendan Schaub,Lavar Johnson,2/23/2013,U-DEC,
Michael Chiesa,Anton Kuivanen,2/23/2013,SUB,Rear Naked Choke
Dennis Bermudez,Matt Grice,2/23/2013,S-DEC,
Sam Stout,Caros Fodor,2/23/2013,S-DEC,
Kenny Robertson,Brock Jardine,2/23/2013,SUB,Kneebar
Jon Manley,Neil Magny,2/23/2013,U-DEC,
Nah-Shon Burrell,Yuri Villefort,2/23/2013,U-DEC,
Renan Barao,Michael McDonald,2/16/2013,SUB,Arm Triangle
Cub Swanson,Dustin Poirier,2/16/2013,U-DEC,
Jimi Manuwa,Cyrille Diabate,2/16/2013,KO/TKO,
Gunnar Nelson,Jorge Santiago,2/16/2013,U-DEC,
James Te Huna,Ryan Jimmo,2/16/2013,U-DEC,
Terry Etim,Renee Forte,2/16/2013,U-DEC,
Paul Sass,Danny Castillo,2/16/2013,U-DEC,
Andy Ogle,Josh Grispi,2/16/2013,U-DEC,
Tom Watson,Stanislav Nedkov,2/16/2013,KO/TKO,Knee
Vaughan Lee,Motonobu Tezuka,2/16/2013,U-DEC,
Phil Harris,Ulysses Gomez,2/16/2013,U-DEC,
Jose Aldo,Frankie Edgar,2/2/2013,U-DEC,
Rashad Evans,Rogerio Nogueira,2/2/2013,U-DEC,
Alistair Overeem,Antonio Silva,2/2/2013,KO/TKO,Punches
Jon Fitch,Demian Maia,2/2/2013,U-DEC,
Joseph Benavidez,Ian McCall,2/2/2013,U-DEC,
Gleison Tibau,Evan Dunham,2/2/2013,S-DEC,
Tyron Woodley,Jay Hieron,2/2/2013,KO/TKO,Punch
Jacob Volkmann,Bobby Green,2/2/2013,SUB,Rear Naked Choke
Yves Edwards,Isaac Vallie-Flagg,2/2/2013,S-DEC,
Chico Camus,Dustin Kimura,2/2/2013,SUB,Rear Naked Choke
Edwin Figueroa,Francisco Rivera,2/2/2013,KO/TKO,Punches
Demetrious Johnson,John Dodson,1/26/2013,U-DEC,
Rampage Jackson,Glover Teixeira,1/26/2013,,
Anthony Pettis,Donald Cerrone,1/26/2013,KO/TKO,Kick
Erik Koch,Ricardo Lamas,1/26/2013,KO/TKO,Elbows
TJ Grant,Matt Wiman,1/26/2013,KO/TKO,Elbows
Clay Guida,Hatsu Hioki,1/26/2013,S-DEC,
Mike Stumpf,Pascal Krauss,1/26/2013,U-DEC,
Ryan Bader,Vladimir Matyushenko,1/26/2013,SUB,Guillotine Choke
Mike Russow,Shawn Jordan,1/26/2013,KO/TKO,
Rafael Natal,Sean Spencer,1/26/2013,SUB,Arm Triangle
Simeon Thoresen,David Mitchell,1/26/2013,U-DEC,
Vitor Belfort,Michael Bisping,1/19/2013,KO/TKO,Kick
Daniel Sarafian,CB Dollaway,1/19/2013,S-DEC,
Gabriel Gonzaga,Ben Rothwell,1/19/2013,SUB,Guillotine Choke
Thiago Tavares,Khabib Nurmagomedov,1/19/2013,KO/TKO,Elbows
Godofredo Pepey,Milton Vieira,1/19/2013,S-DEC,
Ronny Markes,Andrew Craig,1/19/2013,U-DEC,
Diego Nunes,Nik Lentz,1/19/2013,U-DEC,
Edson Barboza,Lucas Martins,1/19/2013,KO/TKO,Punches
Wagner Prado,Ildemar Alcantara,1/19/2013,SUB,Kneebar
Francisco Trinaldo,CJ Keith,1/19/2013,SUB,Arm Triangle
Junior Dos Santos,Cain Velasquez,12/29/2012,U-DEC,
Jim Miller,Joe Lauzon,12/29/2012,U-DEC,
Tim Boetsch,Costas Philippou,12/29/2012,,
Yushin Okami,Alan Belcher,12/29/2012,U-DEC,
Chris Leben,Derek Brunson,12/29/2012,U-DEC,
Brad Pickett,Eddie Wineland,12/29/2012,S-DEC,
Erik Perez,Byron Bloodworth,12/29/2012,KO/TKO,Punches
Melvin Guillard,Jamie Varner,12/29/2012,S-DEC,
Michael Johnson,Myles Jury,12/29/2012,U-DEC,
Philip De Fries,Todd Duffee,12/29/2012,KO/TKO,Punches
Leonard Garcia,Max Holloway,12/29/2012,S-DEC,
Chris Cariaso,John Moraga,12/29/2012,SUB,Guillotine Choke
Roy Nelson,Matt Mitrione,12/15/2012,KO/TKO,Punch
Colton Smith,Mike Ricci,12/15/2012,U-DEC,
Pat Barry,Shane del Rosario,12/15/2012,KO/TKO,Punch
Dustin Poirier,Jonathan Brookins,12/15/2012,SUB,D'Arce Choke
Mike Pyle,James Head,12/15/2012,KO/TKO,Knee
Johnny Bedford,Marcos Vinicius,12/15/2012,KO/TKO,Punch
Vinc Pichel,Rustam Khabilov,12/15/2012,KO/TKO,Slam
TJ Waldburger,Nick Catone,12/15/2012,SUB,Triangle Choke
Reuben Duran,Hugo Viana,12/15/2012,KO/TKO,Punch
Mike Rio,John Cofer,12/15/2012,SUB,Armbar
Jared Papazian,Tim Elliott,12/15/2012,U-DEC,
George Sotiropoulos,Ross Pearson,12/14/2012,KO/TKO,Punch
Robert Whittaker,Bradley Scott,12/14/2012,,
Colin Fletcher,Norman Parke,12/14/2012,U-DEC,
Hector Lombard,Rousimar Palhares,12/14/2012,KO/TKO,Punches
Chad Mendes,Yaotzin Meza,12/14/2012,KO/TKO,Punch
Mike Pierce,Seth Baczynski,12/14/2012,U-DEC,
Benny Alloway,Manuel Rodriguez,12/14/2012,,
Brendan Loughnane,Mike Wilkinson,12/14/2012,U-DEC,
Nick Penner,Cody Donovan,12/14/2012,KO/TKO,Punch
Benson Henderson,Nate Diaz,12/8/2012,U-DEC,
Mauricio Rua,Alexander Gustafsson,12/8/2012,U-DEC,
BJ Penn,Rory MacDonald,12/8/2012,U-DEC,
Mike Swick,Matt Brown,12/8/2012,KO/TKO,Punches
Yves Edwards,Jeremy Stephens,12/8/2012,KO/TKO,Punch
Raphael Assuncao,Mike Easton,12/8/2012,U-DEC,
Ramsey Nijem,Joe Proctor,12/8/2012,U-DEC,
Daron Cruickshank,Henry Martinez,12/8/2012,KO/TKO,Kick
Marcus LeVesseur,Abel Trujillo,12/8/2012,KO/TKO,Knees
Dennis Siver,Nam Phan,12/8/2012,U-DEC,
Scott Jorgensen,John Albert,12/8/2012,SUB,Rear Naked Choke
Georges St-Pierre,Carlos Condit,11/17/2012,U-DEC,
Johny Hendricks,Martin Kampmann,11/17/2012,KO/TKO,Punch
Francis Carmont,Tom Lawlor,11/17/2012,S-DEC,
Mark Bocek,Rafael Dos Anjos,11/17/2012,U-DEC,
Mark Hominick,Pablo Garza,11/17/2012,U-DEC,
Patrick Cote,Alessio Sakara,11/17/2012,DQ,
Cyrille Diabate,Chad Griggs,11/17/2012,SUB,Rear Naked Choke
Sam Stout,John Makdessi,11/17/2012,U-DEC,
Antonio Carvalho,Rodrigo Damm,11/17/2012,S-DEC,
Matthew Riddle,John Maguire,11/17/2012,U-DEC,
Ivan Menjivar,Azamat Gashimov,11/17/2012,SUB,Armbar
Steven Siler,Darren Elkins,11/17/2012,U-DEC,
Rich Franklin,Cung Le,11/10/2012,KO/TKO,Punch
Dong Hyun Kim,Paulo Thiago,11/10/2012,U-DEC,
Takanori Gomi,Mac Danzig,11/10/2012,S-DEC,
Tiequan Zhang,Jon Tuck,11/10/2012,U-DEC,
Takeya Mizugaki,Jeff Hougland,11/10/2012,U-DEC,
Alex Caceres,Motonobu Tezuka,11/10/2012,S-DEC,
Yasuhiro Urushitani,John Lineker,11/10/2012,U-DEC,
Riki Fukuda,Tom DeBlass,11/10/2012,U-DEC,
Anderson Silva,Stephan Bonnar,10/13/2012,KO/TKO,Knee
Minotauro Nogueira,Dave Herman,10/13/2012,,
Glover Teixeira,Fabio Maldonado,10/13/2012,KO/TKO,
Jon Fitch,Erick Silva,10/13/2012,U-DEC,
Phil Davis,Wagner Prado,10/13/2012,SUB,Anaconda Choke
Demian Maia,Rick Story,10/13/2012,SUB,Rear Naked Choke
Rony Jason,Sam Sicilia,10/13/2012,KO/TKO,Punch
Gleison Tibau,Francisco Trinaldo,10/13/2012,U-DEC,
Diego Brandao,Joey Gambino,10/13/2012,U-DEC,
Sergio Moraes,Renee Forte,10/13/2012,SUB,Rear Naked Choke
Luiz Cane,Chris Camozzi,10/13/2012,U-DEC,
Cristiano Marcello,Reza Madadi,10/13/2012,S-DEC,
Travis Browne,Antonio Silva,10/5/2012,KO/TKO,Punch
Jake Ellenberger,Jay Hieron,10/5/2012,U-DEC,
John Dodson,Jussier Formiga,10/5/2012,KO/TKO,Punch
Josh Neer,Justin Edwards,10/5/2012,SUB,Guillotine Choke
Michael Johnson,Danny Castillo,10/5/2012,KO/TKO,Punch
Aaron Simpson,Mike Pierce,10/5/2012,KO/TKO,Punch
Marcus LeVesseur,Carlo Prater,10/5/2012,S-DEC,
Jacob Volkmann,Shane Roller,10/5/2012,SUB,Rear Naked Choke
Bart Palaszewski,Diego Nunes,10/5/2012,U-DEC,
Darren Uyenoyama,Phil Harris,10/5/2012,SUB,Rear Naked Choke
Stefan Struve,Stipe Miocic,9/29/2012,KO/TKO,Punches
Dan Hardy,Amir Sadollah,9/29/2012,U-DEC,
Brad Pickett,Yves Jabouin,9/29/2012,KO/TKO,Punch
Paul Sass,Matt Wiman,9/29/2012,SUB,Armbar
John Hathaway,John Maguire,9/29/2012,U-DEC,
Che Mills,Duane Ludwig,9/29/2012,KO/TKO,
Kyle Kingsbury,Jimi Manuwa,9/29/2012,KO/TKO,
Andy Ogle,Akira Corassani,9/29/2012,S-DEC,
Tom Watson,Brad Tavares,9/29/2012,S-DEC,
DaMarques Johnson,Gunnar Nelson,9/29/2012,SUB,Rear Naked Choke
Jason Young,Robert Peralta,9/29/2012,KO/TKO,Punch
Jon Jones,Vitor Belfort,9/22/2012,SUB,Keylock
Joseph Benavidez,Demetrious Johnson,9/22/2012,S-DEC,
Michael Bisping,Brian Stann,9/22/2012,U-DEC,
Matt Hamill,Roger Hollett,9/22/2012,U-DEC,
Cub Swanson,Charles Oliveira,9/22/2012,KO/TKO,Punch
Igor Pokrajac,Vinny Magalhaes,9/22/2012,SUB,Armbar
TJ Grant,Evan Dunham,9/22/2012,U-DEC,
Sean Pierson,Lance Benoist,9/22/2012,U-DEC,
Jimy Hettes,Marcus Brimage,9/22/2012,U-DEC,
Seth Baczynski,Simeon Thoresen,9/22/2012,KO/TKO,Punch
Mitch Gagnon,Walel Watson,9/22/2012,SUB,Rear Naked Choke
Kyle Noke,Charlie Brenneman,9/22/2012,KO/TKO,Punch
Benson Henderson,Frankie Edgar,8/11/2012,S-DEC,
Donald Cerrone,Melvin Guillard,8/11/2012,KO/TKO,Kick
Yushin Okami,Buddy Roberts,8/11/2012,KO/TKO,Punches
Justin Lawrence,Max Holloway,8/11/2012,KO/TKO,Punch
Dennis Bermudez,Tommy Hayden,8/11/2012,SUB,Guillotine Choke
Jared Hamman,Michael Kuiper,8/11/2012,KO/TKO,Punch
Ken Stone,Erik Perez,8/11/2012,KO/TKO,Punch
Dustin Pague,Chico Camus,8/11/2012,U-DEC,
Nik Lentz,Eiji Mitsuoka,8/11/2012,KO/TKO,Punches
Mauricio Rua,Brandon Vera,8/4/2012,KO/TKO,Punches
Lyoto Machida,Ryan Bader,8/4/2012,KO/TKO,Punch
Joe Lauzon,Jamie Varner,8/4/2012,SUB,Triangle Choke
Mike Swick,DaMarques Johnson,8/4/2012,KO/TKO,Punch
Cole Miller,Nam Phan,8/4/2012,S-DEC,
Josh Grispi,Rani Yahya,8/4/2012,SUB,North-South Choke
Philip De Fries,Oli Thompson,8/4/2012,SUB,Other - Lock
Manvel Gamburyan,Michihiro Omigawa,8/4/2012,U-DEC,
John Moraga,Ulysses Gomez,8/4/2012,KO/TKO,Elbow
Urijah Faber,Renan Barao,7/21/2012,U-DEC,
Hector Lombard,Tim Boetsch,7/21/2012,S-DEC,
Cheick Kongo,Shawn Jordan,7/21/2012,U-DEC,
Brian Ebersole,James Head,7/21/2012,S-DEC,
Court McGee,Nick Ring,7/21/2012,U-DEC,
Anthony Perosh,Ryan Jimmo,7/21/2012,KO/TKO,Punch
Bryan Caraway,Mitch Gagnon,7/21/2012,SUB,Rear Naked Choke
Antonio Carvalho,Daniel Pineda,7/21/2012,KO/TKO,Punch
Mitch Clarke,Anton Kuivanen,7/21/2012,S-DEC,
Mark Munoz,Chris Weidman,7/11/2012,KO/TKO,Elbow
James Te Huna,Joey Beltran,7/11/2012,U-DEC,
Aaron Simpson,Kenny Robertson,7/11/2012,U-DEC,
Karlos Vemola,Francis Carmont,7/11/2012,SUB,Rear Naked Choke
TJ Dillashaw,Vaughan Lee,7/11/2012,SUB,Rear Naked Choke
Rafael Dos Anjos,Anthony Njokuani,7/11/2012,U-DEC,
Damacio Page,Alex Caceres,7/11/2012,SUB,Triangle Choke
Chris Cariaso,Josh Ferguson,7/11/2012,U-DEC,
Rafael Natal,Andrew Craig,7/11/2012,KO/TKO,Kick
Marcelo Guimaraes,Dan Stittgen,7/11/2012,S-DEC,
Raphael Assuncao,Issei Tamura,7/11/2012,KO/TKO,Punch
Anderson Silva,Chael Sonnen,7/7/2012,KO/TKO,Punch
Forrest Griffin,Tito Ortiz,7/7/2012,U-DEC,
Cung Le,Patrick Cote,7/7/2012,U-DEC,
Dong Hyun Kim,Demian Maia,7/7/2012,KO/TKO,
Chad Mendes,Cody McKenzie,7/7/2012,KO/TKO,Punch
Ivan Menjivar,Mike Easton,7/7/2012,U-DEC,
Melvin Guillard,Fabricio Camoes,7/7/2012,U-DEC,
Gleison Tibau,Khabib Nurmagomedov,7/7/2012,U-DEC,
Costas Philippou,Riki Fukuda,7/7/2012,,
John Alessio,Shane Roller,7/7/2012,U-DEC,
Rafaello Oliveira,Yoislandy Izquierdo,7/7/2012,U-DEC,
Wanderlei Silva,Rich Franklin,6/23/2012,U-DEC,
Cezar Ferreira,Sergio Moraes,6/23/2012,U-DEC,
Godofredo Pepey,Rony Jason,6/23/2012,U-DEC,
Fabricio Werdum,Mike Russow,6/23/2012,KO/TKO,Punch
Iuri Alcantara,Hacran Dias,6/23/2012,U-DEC,
Anistavio Medeiros,Rodrigo Damm,6/23/2012,SUB,Rear Naked Choke
Delson Heleno,Francisco Trinaldo,6/23/2012,KO/TKO,Punches
John Teixeira,Hugo Viana,6/23/2012,S-DEC,
Thiago Perpetuo,Leonardo Mafra,6/23/2012,KO/TKO,Punch
Marcos Vinicius,Wagner Campos,6/23/2012,KO/TKO,Punches
Gray Maynard,Clay Guida,6/22/2012,S-DEC,
Sam Stout,Spencer Fisher,6/22/2012,U-DEC,
Brian Ebersole,TJ Waldburger,6/22/2012,U-DEC,
Ross Pearson,Cub Swanson,6/22/2012,KO/TKO,Punch
Hatsu Hioki,Ricardo Lamas,6/22/2012,U-DEC,
Ramsey Nijem,CJ Keith,6/22/2012,KO/TKO,Punch
Rick Story,Brock Jardine,6/22/2012,U-DEC,
Steven Siler,Joey Gambino,6/22/2012,SUB,Guillotine Choke
Nick Catone,Chris Camozzi,6/22/2012,KO/TKO,
Matt Brown,Luis Ramos,6/22/2012,KO/TKO,Knees
Dan Miller,Ricardo Funch,6/22/2012,SUB,Guillotine Choke
Ken Stone,Dustin Pague,6/22/2012,S-DEC,
Demetrious Johnson,Ian McCall,6/8/2012,U-DEC,
Erick Silva,Charlie Brenneman,6/8/2012,SUB,Rear Naked Choke
Mike Pyle,Josh Neer,6/8/2012,KO/TKO,Punch
Eddie Wineland,Scott Jorgensen,6/8/2012,KO/TKO,Punch
Mike Pierce,Carlos Eduardo Rocha,6/8/2012,U-DEC,
Seth Baczynski,Lance Benoist,6/8/2012,S-DEC,
Leonard Garcia,Matt Grice,6/8/2012,U-DEC,
Dustin Pague,Jared Papazian,6/8/2012,SUB,Rear Naked Choke
Tim Means,Justin Salas,6/8/2012,KO/TKO,Punches
Buddy Roberts,Caio Magalhaes,6/8/2012,U-DEC,
Henry Martinez,Bernardo Magalhaes,6/8/2012,S-DEC,
Jake Hecht,Sean Pierson,6/8/2012,U-DEC,
Jake Ellenberger,Martin Kampmann,6/1/2012,KO/TKO,Knee
Michael Chiesa,Al Iaquinta,6/1/2012,SUB,Rear Naked Choke
Jonathan Brookins,Charles Oliveira,6/1/2012,SUB,Guillotine Choke
Max Holloway,Pat Schilling,6/1/2012,U-DEC,
Justin Lawrence,John Cofer,6/1/2012,KO/TKO,Kick
Daron Cruickshank,Chris Tickle,6/1/2012,U-DEC,
Myles Jury,Chris Saunders,6/1/2012,SUB,Guillotine Choke
Cristiano Marcello,Sam Sicilia,6/1/2012,KO/TKO,Knee
Joe Proctor,Jeremy Larsen,6/1/2012,KO/TKO,Knee
John Albert,Erik Perez,6/1/2012,SUB,Armbar
Junior Dos Santos,Frank Mir,5/26/2012,KO/TKO,Punch
Cain Velasquez,Antonio Silva,5/26/2012,KO/TKO,Punches
Roy Nelson,Dave Herman,5/26/2012,KO/TKO,Punch
Stipe Miocic,Shane del Rosario,5/26/2012,KO/TKO,Elbows
Stefan Struve,Lavar Johnson,5/26/2012,SUB,Armbar
Diego Brandao,Darren Elkins,5/26/2012,U-DEC,
Edson Barboza,Jamie Varner,5/26/2012,KO/TKO,Punches
Jason Miller,CB Dollaway,5/26/2012,U-DEC,
Dan Hardy,Duane Ludwig,5/26/2012,KO/TKO,Punch
Jacob Volkmann,Paul Sass,5/26/2012,SUB,Triangle Choke
Kyle Kingsbury,Glover Teixeira,5/26/2012,SUB,Arm Triangle
Mike Brown,Daniel Pineda,5/26/2012,U-DEC,
Chan Sung Jung,Dustin Poirier,5/15/2012,SUB,D'Arce Choke
Amir Sadollah,Jorge Lopez,5/15/2012,S-DEC,
Donald Cerrone,Jeremy Stephens,5/15/2012,U-DEC,
Yves Jabouin,Jeff Hougland,5/15/2012,U-DEC,
Igor Pokrajac,Fabio Maldonado,5/15/2012,U-DEC,
Jason MacDonald,Tom Lawlor,5/15/2012,KO/TKO,Punch
Brad Tavares,Dongi Yang,5/15/2012,U-DEC,
Cody McKenzie,Marcus LeVesseur,5/15/2012,SUB,Guillotine Choke
TJ Grant,Carlo Prater,5/15/2012,U-DEC,
Rafael Dos Anjos,Kamal Shalorus,5/15/2012,SUB,Rear Naked Choke
Jeff Curran,Johnny Eduardo,5/15/2012,U-DEC,
Alex Soto,Francisco Rivera,5/15/2012,U-DEC,
Nate Diaz,Jim Miller,5/5/2012,SUB,Guillotine Choke
Josh Koscheck,Johny Hendricks,5/5/2012,S-DEC,
Rousimar Palhares,Alan Belcher,5/5/2012,KO/TKO,Punches
Pat Barry,Lavar Johnson,5/5/2012,KO/TKO,Punches
Tony Ferguson,Michael Johnson,5/5/2012,U-DEC,
John Dodson,Tim Elliott,5/5/2012,U-DEC,
John Hathaway,Pascal Krauss,5/5/2012,U-DEC,
Louis Gaudinot,John Lineker,5/5/2012,SUB,Guillotine Choke
Danny Castillo,John Cholish,5/5/2012,U-DEC,
Dennis Bermudez,Pablo Garza,5/5/2012,U-DEC,
Roland Delorme,Nick Denis,5/5/2012,SUB,Rear Naked Choke
Mike Massenzio,Karlos Vemola,5/5/2012,SUB,Rear Naked Choke
Jon Jones,Rashad Evans,4/21/2012,U-DEC,
Rory MacDonald,Che Mills,4/21/2012,KO/TKO,Punches
Brendan Schaub,Ben Rothwell,4/21/2012,KO/TKO,Punch
Miguel Torres,Michael McDonald,4/21/2012,KO/TKO,Punch
Mark Hominick,Eddie Yagin,4/21/2012,S-DEC,
Mark Bocek,John Alessio,4/21/2012,U-DEC,
Travis Browne,Chad Griggs,4/21/2012,SUB,Arm Triangle
Matt Brown,Stephen Thompson,4/21/2012,U-DEC,
John Makdessi,Anthony Njokuani,4/21/2012,U-DEC,
Mac Danzig,Efrain Escudero,4/21/2012,U-DEC,
Keith Wisniewski,Chris Clements,4/21/2012,S-DEC,
Marcus Brimage,Maximo Blanco,4/21/2012,S-DEC,
Alexander Gustafsson,Thiago Silva,4/14/2012,U-DEC,
Brian Stann,Alessio Sakara,4/14/2012,KO/TKO,Punch
Paulo Thiago,Siyar Bahadurzada,4/14/2012,KO/TKO,Punch
Dennis Siver,Diego Nunes,4/14/2012,U-DEC,
DaMarques Johnson,John Maguire,4/14/2012,SUB,Armbar
Brad Pickett,Damacio Page,4/14/2012,SUB,Rear Naked Choke
Papy Abedi,James Head,4/14/2012,SUB,Rear Naked Choke
Cyrille Diabate,Tom DeBlass,4/14/2012,M-DEC,
Francis Carmont,Magnus Cedenblad,4/14/2012,SUB,Rear Naked Choke
Reza Madadi,Yoislandy Izquierdo,4/14/2012,SUB,Guillotine Choke
Simeon Thoresen,Besam Yousef,4/14/2012,SUB,Rear Naked Choke
Jason Young,Eric Wisely,4/14/2012,U-DEC,
Thiago Alves,Martin Kampmann,3/2/2012,SUB,Guillotine Choke
Joseph Benavidez,Yasuhiro Urushitani,3/2/2012,KO/TKO,Punch
Court McGee,Costas Philippou,3/2/2012,,
James Te Huna,Aaron Rosa,3/2/2012,KO/TKO,Punches
Anthony Perosh,Nick Penner,3/2/2012,KO/TKO,Punches
Cole Miller,Steven Siler,3/2/2012,U-DEC,
Kyle Noke,Andrew Craig,3/2/2012,U-DEC,
TJ Waldburger,Jake Hecht,3/2/2012,SUB,Armbar
Mackens Semerzier,Daniel Pineda,3/2/2012,SUB,Armbar
Oli Thompson,Shawn Jordan,3/2/2012,KO/TKO,Punches
Frankie Edgar,Benson Henderson,2/25/2012,U-DEC,
Rampage Jackson,Ryan Bader,2/25/2012,,
Mark Hunt,Cheick Kongo,2/25/2012,KO/TKO,Punches
Yoshihiro Akiyama,Jake Shields,2/25/2012,U-DEC,
Yushin Okami,Tim Boetsch,2/25/2012,KO/TKO,Punches
Hatsu Hioki,Bart Palaszewski,2/25/2012,U-DEC,
Anthony Pettis,Joe Lauzon,2/25/2012,KO/TKO,Kick
Takanori Gomi,Eiji Mitsuoka,2/25/2012,KO/TKO,Punches
Norifumi Yamamoto,Vaughan Lee,2/25/2012,SUB,Armbar
Riki Fukuda,Steve Cantwell,2/25/2012,U-DEC,
Takeya Mizugaki,Chris Cariaso,2/25/2012,U-DEC,
Tiequan Zhang,Issei Tamura,2/25/2012,KO/TKO,Punch
Diego Sanchez,Jake Ellenberger,2/15/2012,U-DEC,
Stefan Struve,Dave Herman,2/15/2012,KO/TKO,Punches
Aaron Simpson,Ronny Markes,2/15/2012,S-DEC,
Stipe Miocic,Philip De Fries,2/15/2012,KO/TKO,Punch
TJ Dillashaw,Walel Watson,2/15/2012,U-DEC,
Ivan Menjivar,John Albert,2/15/2012,SUB,Rear Naked Choke
Jonathan Brookins,Vagner Rocha,2/15/2012,KO/TKO,Punches
Anton Kuivanen,Justin Salas,2/15/2012,U-DEC,
Tim Means,Bernardo Magalhaes,2/15/2012,U-DEC,
Nick Diaz,Carlos Condit,2/4/2012,U-DEC,
Roy Nelson,Fabricio Werdum,2/4/2012,U-DEC,
Josh Koscheck,Mike Pierce,2/4/2012,S-DEC,
Renan Barao,Scott Jorgensen,2/4/2012,U-DEC,
Ed Herman,Clifford Starks,2/4/2012,SUB,Rear Naked Choke
Dustin Poirier,Max Holloway,2/4/2012,SUB,Armbar
Alex Caceres,Edwin Figueroa,2/4/2012,S-DEC,
Matt Brown,Chris Cope,2/4/2012,KO/TKO,Punches
Matthew Riddle,Henry Martinez,2/4/2012,S-DEC,
Rafael Natal,Michael Kuiper,2/4/2012,U-DEC,
Dan Stittgen,Stephen Thompson,2/4/2012,KO/TKO,Kick
Rashad Evans,Phil Davis,1/28/2012,U-DEC,
Chael Sonnen,Michael Bisping,1/28/2012,U-DEC,
Demian Maia,Chris Weidman,1/28/2012,U-DEC,
Evan Dunham,Nik Lentz,1/28/2012,KO/TKO,
Mike Russow,Jon Olav Einemo,1/28/2012,U-DEC,
Cub Swanson,George Roop,1/28/2012,KO/TKO,Punch
Charles Oliveira,Eric Wisely,1/28/2012,SUB,Other - Lock
Michael Johnson,Shane Roller,1/28/2012,U-DEC,
Joey Beltran,Lavar Johnson,1/28/2012,KO/TKO,Punches
Chris Camozzi,Dustin Jacoby,1/28/2012,SUB,Guillotine Choke
Melvin Guillard,Jim Miller,1/20/2012,SUB,Rear Naked Choke
Duane Ludwig,Josh Neer,1/20/2012,SUB,Guillotine Choke
Mike Easton,Jared Papazian,1/20/2012,M-DEC,
Pat Barry,Christian Morecraft,1/20/2012,KO/TKO,Punch
Jorge Rivera,Eric Schafer,1/20/2012,KO/TKO,Punches
Kamal Shalorus,Khabib Nurmagomedov,1/20/2012,SUB,Rear Naked Choke
Charlie Brenneman,Daniel Roberts,1/20/2012,U-DEC,
Fabricio Camoes,Tommy Hayden,1/20/2012,SUB,Rear Naked Choke
Daniel Pineda,Pat Schilling,1/20/2012,SUB,Rear Naked Choke
Joseph Sandoval,Nick Denis,1/20/2012,KO/TKO,Elbows
Jose Aldo,Chad Mendes,1/14/2012,KO/TKO,Knee
Vitor Belfort,Anthony Johnson,1/14/2012,SUB,Rear Naked Choke
Rousimar Palhares,Mike Massenzio,1/14/2012,SUB,Heel Hook
Erick Silva,Carlo Prater,1/14/2012,DQ,
Edson Barboza,Terry Etim,1/14/2012,KO/TKO,Kick
Thiago Tavares,Sam Stout,1/14/2012,U-DEC,
Gabriel Gonzaga,Ednaldo Oliveira,1/14/2012,SUB,Rear Naked Choke
Iuri Alcantara,Michihiro Omigawa,1/14/2012,U-DEC,
Ricardo Funch,Mike Pyle,1/14/2012,KO/TKO,Knees
Felipe Arantes,Antonio Carvalho,1/14/2012,U-DEC,
Brock Lesnar,Alistair Overeem,12/30/2011,KO/TKO,Kick
Nate Diaz,Donald Cerrone,12/30/2011,U-DEC,
Jon Fitch,Johny Hendricks,12/30/2011,KO/TKO,Punch
Vladimir Matyushenko,Alexander Gustafsson,12/30/2011,KO/TKO,Punch
Nam Phan,Jimy Hettes,12/30/2011,U-DEC,
Ross Pearson,Junior Assuncao,12/30/2011,U-DEC,
Anthony Njokuani,Danny Castillo,12/30/2011,S-DEC,
Dong Hyun Kim,Sean Pierson,12/30/2011,U-DEC,
Jacob Volkmann,Efrain Escudero,12/30/2011,U-DEC,
Manvel Gamburyan,Diego Nunes,12/30/2011,U-DEC,
Jon Jones,Lyoto Machida,12/10/2011,SUB,Guillotine Choke
Frank Mir,Minotauro Nogueira,12/10/2011,,
Tito Ortiz,Rogerio Nogueira,12/10/2011,KO/TKO,Punches
Claude Patrick,Brian Ebersole,12/10/2011,S-DEC,
Mark Hominick,Chan Sung Jung,12/10/2011,KO/TKO,Punch
Krzysztof Soszynski,Igor Pokrajac,12/10/2011,KO/TKO,Punches
Jared Hamman,Costas Philippou,12/10/2011,,
John Makdessi,Dennis Hallman,12/10/2011,SUB,Rear Naked Choke
Walel Watson,Yves Jabouin,12/10/2011,S-DEC,
Mark Bocek,Nik Lentz,12/10/2011,U-DEC,
Rich Attonito,Jake Hecht,12/10/2011,KO/TKO,Elbows
Mitch Clarke,John Cholish,12/10/2011,KO/TKO,Punches
Michael Bisping,Jason Miller,12/3/2011,KO/TKO,Knees
Diego Brandao,Dennis Bermudez,12/3/2011,SUB,Armbar
TJ Dillashaw,John Dodson,12/3/2011,KO/TKO,Punches
Tony Ferguson,Yves Edwards,12/3/2011,U-DEC,
Louis Gaudinot,Johnny Bedford,12/3/2011,KO/TKO,Knees
Marcus Brimage,Stephen Bass,12/3/2011,U-DEC,
Dustin Pague,John Albert,12/3/2011,KO/TKO,Punches
Roland Delorme,Josh Ferguson,12/3/2011,SUB,Rear Naked Choke
Steven Siler,Josh Clopton,12/3/2011,U-DEC,
Bryan Caraway,Dustin Neace,12/3/2011,SUB,Rear Naked Choke
Mauricio Rua,Dan Henderson,11/19/2011,U-DEC,
Wanderlei Silva,Cung Le,11/19/2011,KO/TKO,Knee
Urijah Faber,Brian Bowles,11/19/2011,SUB,Guillotine Choke
Rick Story,Martin Kampmann,11/19/2011,S-DEC,
Stephan Bonnar,Kyle Kingsbury,11/19/2011,U-DEC,
Ryan Bader,Jason Brilz,11/19/2011,KO/TKO,Punch
Michael McDonald,Alex Soto,11/19/2011,KO/TKO,Punches
Tom Lawlor,Chris Weidman,11/19/2011,SUB,D'Arce Choke
Gleison Tibau,Rafael Dos Anjos,11/19/2011,S-DEC,
Miguel Torres,Nick Pace,11/19/2011,U-DEC,
Matt Brown,Seth Baczynski,11/19/2011,SUB,Guillotine Choke
Danny Castillo,Shamar Bailey,11/19/2011,KO/TKO,Punches
Cain Velasquez,Junior Dos Santos,11/12/2011,KO/TKO,Punch
Clay Guida,Benson Henderson,11/12/2011,U-DEC,
Dustin Poirier,Pablo Garza,11/12/2011,SUB,D'Arce Choke
Cub Swanson,Ricardo Lamas,11/12/2011,SUB,Arm Triangle
DaMarques Johnson,Clay Harvison,11/12/2011,KO/TKO,Punch
Norifumi Yamamoto,Darren Uyenoyama,11/12/2011,U-DEC,
Alex Caceres,Cole Escovedo,11/12/2011,U-DEC,
Mike Pierce,Paul Bradley,11/12/2011,S-DEC,
Aaron Rosa,Matt Lucas,11/12/2011,M-DEC,
Chris Leben,Mark Munoz,11/5/2011,KO/TKO,
Brad Pickett,Renan Barao,11/5/2011,SUB,Rear Naked Choke
Thiago Alves,Papy Abedi,11/5/2011,SUB,Rear Naked Choke
Cyrille Diabate,Anthony Perosh,11/5/2011,SUB,Rear Naked Choke
Terry Etim,Edward Faaloloto,11/5/2011,SUB,Guillotine Choke
John Maguire,Justin Edwards,11/5/2011,U-DEC,
Rob Broughton,Philip De Fries,11/5/2011,U-DEC,
Michihiro Omigawa,Jason Young,11/5/2011,U-DEC,
Chris Cope,Che Mills,11/5/2011,KO/TKO,Knee
Chris Cariaso,Vaughan Lee,11/5/2011,S-DEC,
BJ Penn,Nick Diaz,10/29/2011,U-DEC,
Cheick Kongo,Matt Mitrione,10/29/2011,U-DEC,
Mirko Cro Cop,Roy Nelson,10/29/2011,,
Scott Jorgensen,Jeff Curran,10/29/2011,U-DEC,
Hatsu Hioki,George Roop,10/29/2011,S-DEC,
Dennis Siver,Donald Cerrone,10/29/2011,SUB,Rear Naked Choke
Tyson Griffin,Bart Palaszewski,10/29/2011,KO/TKO,Punches
Brandon Vera,Eliot Marshall,10/29/2011,U-DEC,
Ramsey Nijem,Danny Downes,10/29/2011,U-DEC,
Chris Camozzi,Francis Carmont,10/29/2011,U-DEC,
Dustin Jacoby,Clifford Starks,10/29/2011,U-DEC,
Frankie Edgar,Gray Maynard,10/8/2011,KO/TKO,Punches
Jose Aldo,Kenny Florian,10/8/2011,U-DEC,
Chael Sonnen,Brian Stann,10/8/2011,SUB,Arm Triangle
Leonard Garcia,Nam Phan,10/8/2011,U-DEC,
Melvin Guillard,Joe Lauzon,10/8/2011,SUB,Rear Naked Choke
Demian Maia,Jorge Santiago,10/8/2011,U-DEC,
Anthony Pettis,Jeremy Stephens,10/8/2011,S-DEC,
Joey Beltran,Stipe Miocic,10/8/2011,U-DEC,
Tiequan Zhang,Darren Elkins,10/8/2011,U-DEC,
Aaron Simpson,Eric Schafer,10/8/2011,U-DEC,
Steve Cantwell,Mike Massenzio,10/8/2011,U-DEC,
Dominick Cruz,Demetrious Johnson,10/1/2011,U-DEC,
Pat Barry,Stefan Struve,10/1/2011,SUB,Triangle Choke
Anthony Johnson,Charlie Brenneman,10/1/2011,KO/TKO,Kick
Matt Wiman,Mac Danzig,10/1/2011,U-DEC,
Yves Edwards,Rafaello Oliveira,10/1/2011,KO/TKO,Kick
Michael Johnson,Paul Sass,10/1/2011,SUB,Heel Hook
Mike Easton,Byron Bloodworth,10/1/2011,KO/TKO,Knee
Shane Roller,TJ Grant,10/1/2011,SUB,Armbar
Josh Neer,Keith Wisniewski,10/1/2011,KO/TKO,
Walel Watson,Joseph Sandoval,10/1/2011,KO/TKO,Punches
Jon Jones,Rampage Jackson,9/24/2011,,
Matt Hughes,Josh Koscheck,9/24/2011,KO/TKO,Punches
Ben Rothwell,Mark Hunt,9/24/2011,U-DEC,
Travis Browne,Rob Broughton,9/24/2011,U-DEC,
Nate Diaz,Takanori Gomi,9/24/2011,SUB,Armbar
Tony Ferguson,Aaron Riley,9/24/2011,KO/TKO,
Nick Ring,Tim Boetsch,9/24/2011,U-DEC,
Junior Assuncao,Eddie Yagin,9/24/2011,U-DEC,
Takeya Mizugaki,Cole Escovedo,9/24/2011,KO/TKO,Punches
James Te Huna,Ricardo Romero,9/24/2011,KO/TKO,Punches
Jake Shields,Jake Ellenberger,9/17/2011,KO/TKO,Knee
Court McGee,Dongi Yang,9/17/2011,U-DEC,
Jonathan Brookins,Erik Koch,9/17/2011,U-DEC,
Alan Belcher,Jason MacDonald,9/17/2011,KO/TKO,Punches
Cody McKenzie,Vagner Rocha,9/17/2011,SUB,Rear Naked Choke
Evan Dunham,Shamar Bailey,9/17/2011,U-DEC,
Matthew Riddle,Lance Benoist,9/17/2011,U-DEC,
Ken Stone,Donny Walker,9/17/2011,SUB,Rear Naked Choke
Clay Harvison,Seth Baczynski,9/17/2011,SUB,Rear Naked Choke
TJ Waldburger,Mike Stumpf,9/17/2011,SUB,Triangle Choke
Robert Peralta,Mike Lullo,9/17/2011,U-DEC,
Justin Edwards,Jorge Lopez,9/17/2011,U-DEC,
Anderson Silva,Yushin Okami,8/27/2011,KO/TKO,Punches
Mauricio Rua,Forrest Griffin,8/27/2011,KO/TKO,Punches
Ross Pearson,Edson Barboza,8/27/2011,S-DEC,
Minotauro Nogueira,Brendan Schaub,8/27/2011,,
Luiz Cane,Stanislav Nedkov,8/27/2011,KO/TKO,Punches
Thiago Tavares,Spencer Fisher,8/27/2011,KO/TKO,Punches
Rousimar Palhares,Dan Miller,8/27/2011,U-DEC,
Paulo Thiago,David Mitchell,8/27/2011,U-DEC,
Raphael Assuncao,Johnny Eduardo,8/27/2011,U-DEC,
Erick Silva,Luis Ramos,8/27/2011,KO/TKO,Punch
Iuri Alcantara,Felipe Arantes,8/27/2011,U-DEC,
Yves Jabouin,Ian Loveland,8/27/2011,S-DEC,
Dan Hardy,Chris Lytle,8/14/2011,SUB,Guillotine Choke
Jim Miller,Benson Henderson,8/14/2011,U-DEC,
Donald Cerrone,Charles Oliveira,8/14/2011,KO/TKO,Punches
Amir Sadollah,Duane Ludwig,8/14/2011,U-DEC,
CB Dollaway,Jared Hamman,8/14/2011,KO/TKO,Punches
Joseph Benavidez,Eddie Wineland,8/14/2011,U-DEC,
Ed Herman,Kyle Noke,8/14/2011,SUB,Heel Hook
Ronny Markes,Karlos Vemola,8/14/2011,U-DEC,
Jimy Hettes,Alex Caceres,8/14/2011,SUB,Rear Naked Choke
Cole Miller,TJ O'Brien,8/14/2011,SUB,Guillotine Choke
Jacob Volkmann,Danny Castillo,8/14/2011,U-DEC,
Edwin Figueroa,Jason Reinhardt,8/14/2011,KO/TKO,Punches
Rashad Evans,Tito Ortiz,8/6/2011,KO/TKO,Knee
Vitor Belfort,Yoshihiro Akiyama,8/6/2011,KO/TKO,Punches
Dennis Hallman,Brian Ebersole,8/6/2011,KO/TKO,Elbows
Jorge Rivera,Costas Philippou,8/6/2011,,
Rory MacDonald,Mike Pyle,8/6/2011,KO/TKO,Punches
Matt Hamill,Alexander Gustafsson,8/6/2011,KO/TKO,Punches
Chad Mendes,Rani Yahya,8/6/2011,U-DEC,
Ivan Menjivar,Nick Pace,8/6/2011,U-DEC,
Johny Hendricks,Mike Pierce,8/6/2011,S-DEC,
Mike Brown,Nam Phan,8/6/2011,U-DEC,
Rafael Natal,Paul Bradley,8/6/2011,U-DEC,
Dominick Cruz,Urijah Faber,7/2/2011,U-DEC,
Wanderlei Silva,Chris Leben,7/2/2011,KO/TKO,Punches
Dennis Siver,Matt Wiman,7/2/2011,U-DEC,
Tito Ortiz,Ryan Bader,7/2/2011,SUB,Guillotine Choke
Carlos Condit,Dong Hyun Kim,7/2/2011,KO/TKO,Flying Knee
Melvin Guillard,Shane Roller,7/2/2011,KO/TKO,Punch
George Sotiropoulos,Rafael Dos Anjos,7/2/2011,KO/TKO,Punch
Brian Bowles,Takeya Mizugaki,7/2/2011,U-DEC,
Brad Tavares,Aaron Simpson,7/2/2011,U-DEC,
Anthony Njokuani,Andre Winner,7/2/2011,U-DEC,
Jeff Hougland,Donny Walker,7/2/2011,U-DEC,
Cheick Kongo,Pat Barry,6/26/2011,KO/TKO,Punch
Charlie Brenneman,Rick Story,6/26/2011,U-DEC,
Matt Brown,John Howard,6/26/2011,U-DEC,
Christian Morecraft,Matt Mitrione,6/26/2011,KO/TKO,Punches
Tyson Griffin,Manvel Gamburyan,6/26/2011,U-DEC,
Joe Stevenson,Javier Vazquez,6/26/2011,U-DEC,
Joe Lauzon,Curt Warburton,6/26/2011,SUB,Kimura
Daniel Roberts,Rich Attonito,6/26/2011,U-DEC,
Ricardo Lamas,Matt Grice,6/26/2011,KO/TKO,Punches
Michael Johnson,Edward Faaloloto,6/26/2011,KO/TKO,Punches
Shane Carwin,Junior Dos Santos,6/11/2011,U-DEC,
Kenny Florian,Diego Nunes,6/11/2011,U-DEC,
Mark Munoz,Demian Maia,6/11/2011,U-DEC,
Dave Herman,Jon Olav Einemo,6/11/2011,KO/TKO,Punches
Vagner Rocha,Donald Cerrone,6/11/2011,U-DEC,
Yves Edwards,Sam Stout,6/11/2011,KO/TKO,Punch
Jesse Bongfeldt,Chris Weidman,6/11/2011,SUB,Guillotine Choke
Mike Massenzio,Krzysztof Soszynski,6/11/2011,U-DEC,
Nick Ring,James Head,6/11/2011,SUB,Rear Naked Choke
Dustin Poirier,Jason Young,6/11/2011,U-DEC,
Joey Beltran,Aaron Rosa,6/11/2011,KO/TKO,Punches
Darren Elkins,Michihiro Omigawa,6/11/2011,U-DEC,
Ramsey Nijem,Tony Ferguson,6/4/2011,KO/TKO,Punches
Clay Guida,Anthony Pettis,6/4/2011,U-DEC,
Ed Herman,Tim Credeur,6/4/2011,KO/TKO,Punch
Fabio Maldonado,Kyle Kingsbury,6/4/2011,U-DEC,
Chuck O'Neil,Chris Cope,6/4/2011,U-DEC,
Danny Downes,Jeremy Stephens,6/4/2011,U-DEC,
Josh Grispi,George Roop,6/4/2011,KO/TKO,Punch
Ryan McGillivray,Shamar Bailey,6/4/2011,U-DEC,
Clay Harvison,Justin Edwards,6/4/2011,S-DEC,
Scott Jorgensen,Ken Stone,6/4/2011,KO/TKO,Punch
Reuben Duran,Francisco Rivera,6/4/2011,SUB,Rear Naked Choke
Rampage Jackson,Matt Hamill,5/28/2011,,
Frank Mir,Roy Nelson,5/28/2011,U-DEC,
Stefan Struve,Travis Browne,5/28/2011,KO/TKO,Punch
Thiago Alves,Rick Story,5/28/2011,U-DEC,
Brian Stann,Jorge Santiago,5/28/2011,KO/TKO,Punch
Miguel Torres,Demetrious Johnson,5/28/2011,U-DEC,
Kendall Grove,Tim Boetsch,5/28/2011,U-DEC,
Gleison Tibau,Rafaello Oliveira,5/28/2011,SUB,Rear Naked Choke
Michael McDonald,Chris Cariaso,5/28/2011,S-DEC,
Cole Escovedo,Renan Barao,5/28/2011,U-DEC,
Georges St-Pierre,Jake Shields,4/30/2011,U-DEC,
Jose Aldo,Mark Hominick,4/30/2011,U-DEC,
Lyoto Machida,Randy Couture,4/30/2011,KO/TKO,Kick
Vladimir Matyushenko,Jason Brilz,4/30/2011,KO/TKO,Punch
Mark Bocek,Benson Henderson,4/30/2011,U-DEC,
Nate Diaz,Rory MacDonald,4/30/2011,U-DEC,
Jake Ellenberger,Sean Pierson,4/30/2011,KO/TKO,Punch
Daniel Roberts,Claude Patrick,4/30/2011,U-DEC,
Ivan Menjivar,Charlie Valencia,4/30/2011,KO/TKO,Elbow
Jason MacDonald,Ryan Jensen,4/30/2011,SUB,Triangle Choke
John Makdessi,Kyle Watson,4/30/2011,KO/TKO,Spinning Back Fist
Yves Jabouin,Pablo Garza,4/30/2011,SUB,Triangle Choke
Phil Davis,Rogerio Nogueira,3/26/2011,U-DEC,
Anthony Johnson,Dan Hardy,3/26/2011,U-DEC,
DaMarques Johnson,Amir Sadollah,3/26/2011,KO/TKO,Elbows
Chan Sung Jung,Leonard Garcia,3/26/2011,SUB,Other - Lock
Jon Madsen,Mike Russow,3/26/2011,KO/TKO,
Alex Caceres,Mackens Semerzier,3/26/2011,SUB,Rear Naked Choke
John Hathaway,Kris McCray,3/26/2011,S-DEC,
Michael McDonald,Edwin Figueroa,3/26/2011,U-DEC,
Sean McCorkle,Christian Morecraft,3/26/2011,SUB,Guillotine Choke
Johny Hendricks,TJ Waldburger,3/26/2011,KO/TKO,Punch
Mario Miranda,Aaron Simpson,3/26/2011,U-DEC,
Waylon Lowe,Nik Lentz,3/26/2011,SUB,Guillotine Choke
Mauricio Rua,Jon Jones,3/19/2011,KO/TKO,Knee
Urijah Faber,Eddie Wineland,3/19/2011,U-DEC,
Jim Miller,Kamal Shalorus,3/19/2011,KO/TKO,Knee
Dan Miller,Nate Marquardt,3/19/2011,U-DEC,
Mirko Cro Cop,Brendan Schaub,3/19/2011,,
Luiz Cane,Eliot Marshall,3/19/2011,KO/TKO,Punches
Edson Barboza,Anthony Njokuani,3/19/2011,U-DEC,
Ricardo Almeida,Mike Pyle,3/19/2011,U-DEC,
Kurt Pellegrino,Gleison Tibau,3/19/2011,S-DEC,
Joseph Benavidez,Ian Loveland,3/19/2011,U-DEC,
Costas Philippou,Nick Catone,3/19/2011,,
Erik Koch,Raphael Assuncao,3/19/2011,KO/TKO,Punch
Diego Sanchez,Martin Kampmann,3/3/2011,U-DEC,
CB Dollaway,Mark Munoz,3/3/2011,KO/TKO,Punch
Alessio Sakara,Chris Weidman,3/3/2011,U-DEC,
Brian Bowles,Damacio Page,3/3/2011,SUB,Guillotine Choke
Steve Cantwell,Cyrille Diabate,3/3/2011,U-DEC,
Joe Stevenson,Danny Castillo,3/3/2011,U-DEC,
Thiago Tavares,Shane Roller,3/3/2011,KO/TKO,Punch
Takeya Mizugaki,Reuben Duran,3/3/2011,S-DEC,
Rob Kimmons,Dongi Yang,3/3/2011,KO/TKO,Punches
David Branch,Rousimar Palhares,3/3/2011,SUB,Kneebar
Igor Pokrajac,Todd Brown,3/3/2011,KO/TKO,
Michael Bisping,Jorge Rivera,2/26/2011,KO/TKO,Punches
George Sotiropoulos,Dennis Siver,2/26/2011,U-DEC,
Brian Ebersole,Chris Lytle,2/26/2011,U-DEC,
Chris Camozzi,Kyle Noke,2/26/2011,SUB,Rear Naked Choke
Ross Pearson,Spencer Fisher,2/26/2011,U-DEC,
Alexander Gustafsson,James Te Huna,2/26/2011,SUB,Rear Naked Choke
Nick Ring,Riki Fukuda,2/26/2011,U-DEC,
Tom Blackledge,Anthony Perosh,2/26/2011,SUB,Rear Naked Choke
Tiequan Zhang,Jason Reinhardt,2/26/2011,SUB,Guillotine Choke
Mark Hunt,Chris Tuchscherer,2/26/2011,KO/TKO,Punch
Maciej Jewtuszko,Curt Warburton,2/26/2011,U-DEC,
Anderson Silva,Vitor Belfort,2/5/2011,KO/TKO,Kick
Forrest Griffin,Rich Franklin,2/5/2011,U-DEC,
Jon Jones,Ryan Bader,2/5/2011,SUB,Guillotine Choke
Jake Ellenberger,Carlos Eduardo Rocha,2/5/2011,S-DEC,
Miguel Torres,Antonio Banuelos,2/5/2011,U-DEC,
Donald Cerrone,Paul Kelly,2/5/2011,SUB,Rear Naked Choke
Chad Mendes,Michihiro Omigawa,2/5/2011,U-DEC,
Norifumi Yamamoto,Demetrious Johnson,2/5/2011,U-DEC,
Paul Taylor,Gabe Ruediger,2/5/2011,KO/TKO,Kick
Kyle Kingsbury,Ricardo Romero,2/5/2011,KO/TKO,Punch
Mike Pierce,Kenny Robertson,2/5/2011,KO/TKO,Punches
Melvin Guillard,Evan Dunham,1/22/2011,KO/TKO,Knees
Matt Mitrione,Tim Hague,1/22/2011,KO/TKO,Punch
Mark Hominick,George Roop,1/22/2011,KO/TKO,Punch
Pat Barry,Joey Beltran,1/22/2011,U-DEC,
Cole Miller,Matt Wiman,1/22/2011,U-DEC,
Cody McKenzie,Yves Edwards,1/22/2011,SUB,Rear Naked Choke
DaMarques Johnson,Mike Guymon,1/22/2011,SUB,Injury
Rani Yahya,Mike Brown,1/22/2011,U-DEC,
Waylon Lowe,Willamy Freire,1/22/2011,U-DEC,
Charlie Brenneman,Amilcar Alves,1/22/2011,U-DEC,
Will Campuzano,Chris Cariaso,1/22/2011,U-DEC,
Chris Leben,Brian Stann,1/1/2011,KO/TKO,Knee
Nate Diaz,Dong Hyun Kim,1/1/2011,U-DEC,
Clay Guida,Takanori Gomi,1/1/2011,SUB,Guillotine Choke
Jeremy Stephens,Marcus Davis,1/1/2011,KO/TKO,Punch
Dustin Poirier,Josh Grispi,1/1/2011,U-DEC,
Phil Baroni,Brad Tavares,1/1/2011,KO/TKO,Punches
Mike Brown,Diego Nunes,1/1/2011,S-DEC,
Daniel Roberts,Greg Soto,1/1/2011,SUB,Kimura
Jacob Volkmann,Antonio McKee,1/1/2011,S-DEC,
Georges St-Pierre,Josh Koscheck,12/11/2010,U-DEC,
Stefan Struve,Sean McCorkle,12/11/2010,KO/TKO,Punches
Jim Miller,Charles Oliveira,12/11/2010,SUB,Kneebar
Joe Stevenson,Mac Danzig,12/11/2010,KO/TKO,Punch
Thiago Alves,John Howard,12/11/2010,U-DEC,
Joe Doerksen,Dan Miller,12/11/2010,S-DEC,
Mark Bocek,Dustin Hazelett,12/11/2010,SUB,Triangle Choke
Matthew Riddle,Sean Pierson,12/11/2010,U-DEC,
TJ Grant,Ricardo Almeida,12/11/2010,U-DEC,
Pat Audinwood,John Makdessi,12/11/2010,U-DEC,
Jonathan Brookins,Michael Johnson,12/4/2010,U-DEC,
Stephan Bonnar,Igor Pokrajac,12/4/2010,U-DEC,
Kendall Grove,Demian Maia,12/4/2010,U-DEC,
Johny Hendricks,Rick Story,12/4/2010,U-DEC,
Nam Phan,Leonard Garcia,12/4/2010,S-DEC,
Cody McKenzie,Aaron Wilkinson,12/4/2010,SUB,Guillotine Choke
Ian Loveland,Tyler Toner,12/4/2010,U-DEC,
Sako Chivitchian,Kyle Watson,12/4/2010,U-DEC,
Will Campuzano,Nick Pace,12/4/2010,SUB,Other - Choke
Fredson Paixao,Pablo Garza,12/4/2010,KO/TKO,Flying Knee
Rich Attonito,David Branch,12/4/2010,U-DEC,
Rampage Jackson,Lyoto Machida,11/20/2010,,
Matt Hughes,BJ Penn,11/20/2010,KO/TKO,Punch
Gerald Harris,Maiquel Falcao,11/20/2010,U-DEC,
Phil Davis,Tim Boetsch,11/20/2010,SUB,Kimura
George Sotiropoulos,Joe Lauzon,11/20/2010,SUB,Kimura
Matt Brown,Brian Foster,11/20/2010,SUB,Guillotine Choke
Aaron Simpson,Mark Munoz,11/20/2010,U-DEC,
Karo Parisyan,Dennis Hallman,11/20/2010,KO/TKO,Punches
Mike Lullo,Edson Barboza,11/20/2010,KO/TKO,Kicks
Paul Kelly,TJ O'Brien,11/20/2010,KO/TKO,Elbows
Tyson Griffin,Nik Lentz,11/20/2010,S-DEC,
Nate Marquardt,Yushin Okami,11/13/2010,U-DEC,
Dennis Siver,Andre Winner,11/13/2010,SUB,Rear Naked Choke
Amir Sadollah,Peter Sobotta,11/13/2010,U-DEC,
Krzysztof Soszynski,Goran Reljic,11/13/2010,U-DEC,
Duane Ludwig,Nick Osipczak,11/13/2010,S-DEC,
Vladimir Matyushenko,Alexandre Ferreira,11/13/2010,KO/TKO,Elbows
Pascal Krauss,Mark Scanlon,11/13/2010,U-DEC,
Kyle Noke,Rob Kimmons,11/13/2010,SUB,Rear Naked Choke
Seth Petruzelli,Karlos Vemola,11/13/2010,KO/TKO,Punches
Kris McCray,Carlos Eduardo Rocha,11/13/2010,SUB,Kneebar
Brock Lesnar,Cain Velasquez,10/23/2010,KO/TKO,Punches
Jake Shields,Martin Kampmann,10/23/2010,S-DEC,
Diego Sanchez,Paulo Thiago,10/23/2010,U-DEC,
Tito Ortiz,Matt Hamill,10/23/2010,U-DEC,
Brendan Schaub,Gabriel Gonzaga,10/23/2010,U-DEC,
Court McGee,Ryan Jensen,10/23/2010,SUB,Arm Triangle
Patrick Cote,Tom Lawlor,10/23/2010,U-DEC,
Mike Guymon,Daniel Roberts,10/23/2010,SUB,Anaconda Choke
Sam Stout,Paul Taylor,10/23/2010,S-DEC,
Chris Camozzi,Dongi Yang,10/23/2010,S-DEC,
Jon Madsen,Gilbert Yvel,10/23/2010,KO/TKO,Punches
Michael Bisping,Yoshihiro Akiyama,10/16/2010,U-DEC,
Dan Hardy,Carlos Condit,10/16/2010,KO/TKO,Punch
John Hathaway,Mike Pyle,10/16/2010,U-DEC,
James Wilks,Claude Patrick,10/16/2010,U-DEC,
Cyrille Diabate,Alexander Gustafsson,10/16/2010,SUB,Rear Naked Choke
Rob Broughton,Vinicius Queiroz,10/16/2010,SUB,Rear Naked Choke
Paul Sass,Mark Holst,10/16/2010,SUB,Triangle Choke
Spencer Fisher,Curt Warburton,10/16/2010,U-DEC,
James McSweeney,Fabio Maldonado,10/16/2010,KO/TKO,Punches
Frank Mir,Mirko Cro Cop,9/25/2010,,
Rogerio Nogueira,Ryan Bader,9/25/2010,U-DEC,
Matt Serra,Chris Lytle,9/25/2010,U-DEC,
Sean Sherk,Evan Dunham,9/25/2010,S-DEC,
Melvin Guillard,Jeremy Stephens,9/25/2010,S-DEC,
CB Dollaway,Joe Doerksen,9/25/2010,SUB,Guillotine Choke
Matt Mitrione,Joey Beltran,9/25/2010,U-DEC,
Thiago Tavares,Pat Audinwood,9/25/2010,SUB,Guillotine Choke
Steve Lopez,Waylon Lowe,9/25/2010,S-DEC,
TJ Grant,Julio Paulino,9/25/2010,U-DEC,
Mark Hunt,Sean McCorkle,9/25/2010,SUB,Armbar
Nate Marquardt,Rousimar Palhares,9/15/2010,KO/TKO,Punches
Efrain Escudero,Charles Oliveira,9/15/2010,SUB,Rear Naked Choke
Jim Miller,Gleison Tibau,9/15/2010,U-DEC,
Cole Miller,Ross Pearson,9/15/2010,SUB,Rear Naked Choke
Yves Edwards,John Gunderson,9/15/2010,U-DEC,
Jared Hamman,Kyle Kingsbury,9/15/2010,U-DEC,
Tomasz Drwal,David Branch,9/15/2010,U-DEC,
Rich Attonito,Rafael Natal,9/15/2010,U-DEC,
TJ Waldburger,David Mitchell,9/15/2010,U-DEC,
Brian Foster,Forrest Petz,9/15/2010,KO/TKO,Punches
Frankie Edgar,BJ Penn,8/28/2010,U-DEC,
Randy Couture,James Toney,8/28/2010,SUB,Arm Triangle
Demian Maia,Mario Miranda,8/28/2010,U-DEC,
Kenny Florian,Gray Maynard,8/28/2010,U-DEC,
Nate Diaz,Marcus Davis,8/28/2010,SUB,Guillotine Choke
Joe Lauzon,Gabe Ruediger,8/28/2010,SUB,Armbar
Andre Winner,Nik Lentz,8/28/2010,U-DEC,
Dan Miller,John Salter,8/28/2010,SUB,Guillotine Choke
Nick Osipczak,Greg Soto,8/28/2010,U-DEC,
Mike Pierce,Amilcar Alves,8/28/2010,SUB,Armbar
Anderson Silva,Chael Sonnen,8/7/2010,SUB,Triangle Choke
Jon Fitch,Thiago Alves,8/7/2010,U-DEC,
Clay Guida,Rafael Dos Anjos,8/7/2010,SUB,Injury
Matt Hughes,Ricardo Almeida,8/7/2010,SUB,Arm Triangle
Roy Nelson,Junior Dos Santos,8/7/2010,U-DEC,
Dustin Hazelett,Rick Story,8/7/2010,KO/TKO,Punches
Rodney Wallace,Phil Davis,8/7/2010,U-DEC,
Johny Hendricks,Charlie Brenneman,8/7/2010,KO/TKO,Punches
Todd Brown,Tim Boetsch,8/7/2010,U-DEC,
Stefan Struve,Christian Morecraft,8/7/2010,KO/TKO,Punch
Ben Saunders,Dennis Hallman,8/7/2010,U-DEC,
Jon Jones,Vladimir Matyushenko,8/1/2010,KO/TKO,Elbows
Mark Munoz,Yushin Okami,8/1/2010,S-DEC,
John Howard,Jake Ellenberger,8/1/2010,KO/TKO,
Tyson Griffin,Takanori Gomi,8/1/2010,KO/TKO,Punch
Paul Kelly,Jacob Volkmann,8/1/2010,U-DEC,
DaMarques Johnson,Matthew Riddle,8/1/2010,KO/TKO,Punches
James Irvin,Igor Pokrajac,8/1/2010,SUB,Rear Naked Choke
Brian Stann,Mike Massenzio,8/1/2010,SUB,Triangle Choke
Darren Elkins,Charles Oliveira,8/1/2010,SUB,Armbar
Rob Kimmons,Steve Steinbeiss,8/1/2010,U-DEC,
Brock Lesnar,Shane Carwin,7/3/2010,SUB,Arm Triangle
Chris Leben,Yoshihiro Akiyama,7/3/2010,SUB,Triangle Choke
Chris Lytle,Matt Brown,7/3/2010,SUB,Armbar
Krzysztof Soszynski,Stephan Bonnar,7/3/2010,KO/TKO,Punches
George Sotiropoulos,Kurt Pellegrino,7/3/2010,U-DEC,
Brendan Schaub,Chris Tuchscherer,7/3/2010,KO/TKO,Punch
Seth Petruzelli,Ricardo Romero,7/3/2010,SUB,Armbar
Kendall Grove,Goran Reljic,7/3/2010,S-DEC,
Gerald Harris,David Branch,7/3/2010,KO/TKO,Slam
Forrest Petz,Daniel Roberts,7/3/2010,S-DEC,
Jon Madsen,Karlos Vemola,7/3/2010,U-DEC,
Court McGee,Kris McCray,6/19/2010,SUB,Rear Naked Choke
Keith Jardine,Matt Hamill,6/19/2010,M-DEC,
Chris Leben,Aaron Simpson,6/19/2010,KO/TKO,Punches
Spencer Fisher,Dennis Siver,6/19/2010,U-DEC,
Jamie Yager,Rich Attonito,6/19/2010,KO/TKO,Punches
John Gunderson,Mark Holst,6/19/2010,U-DEC,
Brad Tavares,Seth Baczynski,6/19/2010,U-DEC,
Josh Bryant,Kyle Noke,6/19/2010,KO/TKO,Punches
Chris Camozzi,James Hammortree,6/19/2010,U-DEC,
James McSweeney,Travis Browne,6/19/2010,KO/TKO,Punches
Chuck Liddell,Rich Franklin,6/12/2010,KO/TKO,Punch
Mirko Cro Cop,Pat Barry,6/12/2010,,
Paulo Thiago,Martin Kampmann,6/12/2010,U-DEC,
Ben Rothwell,Gilbert Yvel,6/12/2010,U-DEC,
Carlos Condit,Rory MacDonald,6/12/2010,KO/TKO,Punches
Tyson Griffin,Evan Dunham,6/12/2010,S-DEC,
Mac Danzig,Matt Wiman,6/12/2010,SUB,Guillotine Choke
David Loiseau,Mario Miranda,6/12/2010,KO/TKO,Elbows
James Wilks,Peter Sobotta,6/12/2010,U-DEC,
Ricardo Funch,Claude Patrick,6/12/2010,SUB,Guillotine Choke
Mike Pyle,Jesse Lennox,6/12/2010,SUB,Triangle Choke
Rampage Jackson,Rashad Evans,5/29/2010,,
Michael Bisping,Dan Miller,5/29/2010,U-DEC,
Todd Duffee,Mike Russow,5/29/2010,KO/TKO,Punch
Jason Brilz,Rogerio Nogueira,5/29/2010,S-DEC,
Diego Sanchez,John Hathaway,5/29/2010,U-DEC,
Amir Sadollah,Dong Hyun Kim,5/29/2010,U-DEC,
Efrain Escudero,Dan Lauzon,5/29/2010,U-DEC,
Melvin Guillard,Waylon Lowe,5/29/2010,KO/TKO,Knee
Luiz Cane,Cyrille Diabate,5/29/2010,KO/TKO,Punches
Aaron Riley,Joe Brammer,5/29/2010,U-DEC,
Jesse Forbes,Ryan Jensen,5/29/2010,SUB,Guillotine Choke
Lyoto Machida,Mauricio Rua,5/8/2010,KO/TKO,Punches
Josh Koscheck,Paul Daley,5/8/2010,U-DEC,
Sam Stout,Jeremy Stephens,5/8/2010,S-DEC,
Kevin Ferguson,Matt Mitrione,5/8/2010,KO/TKO,Punches
Patrick Cote,Alan Belcher,5/8/2010,SUB,Rear Naked Choke
Tom Lawlor,Joe Doerksen,5/8/2010,SUB,Rear Naked Choke
Marcus Davis,Jonathan Goulet,5/8/2010,KO/TKO,Punches
TJ Grant,Johny Hendricks,5/8/2010,M-DEC,
Joey Beltran,Tim Hague,5/8/2010,U-DEC,
Yoshiyuki Yoshida,Mike Guymon,5/8/2010,U-DEC,
Jason MacDonald,John Salter,5/8/2010,KO/TKO,
Anderson Silva,Demian Maia,4/10/2010,U-DEC,
BJ Penn,Frankie Edgar,4/10/2010,U-DEC,
Matt Hughes,Renzo Gracie,4/10/2010,KO/TKO,Punches
Terry Etim,Rafael Dos Anjos,4/10/2010,SUB,Armbar
Kendall Grove,Mark Munoz,4/10/2010,KO/TKO,Punches
Alexander Gustafsson,Phil Davis,4/10/2010,SUB,Anaconda Choke
Nick Osipczak,Rick Story,4/10/2010,S-DEC,
DaMarques Johnson,Brad Blackburn,4/10/2010,KO/TKO,Kick
Paul Kelly,Matt Veach,4/10/2010,SUB,Guillotine Choke
Jon Madsen,Mostapha Al-Turk,4/10/2010,U-DEC,
Kenny Florian,Takanori Gomi,3/31/2010,SUB,Rear Naked Choke
Roy Nelson,Stefan Struve,3/31/2010,KO/TKO,Punch
Nate Quarry,Jorge Rivera,3/31/2010,KO/TKO,Punches
Ross Pearson,Dennis Siver,3/31/2010,U-DEC,
Andre Winner,Rafaello Oliveira,3/31/2010,U-DEC,
Jacob Volkmann,Ronys Torres,3/31/2010,S-DEC,
Rob Emerson,Nik Lentz,3/31/2010,U-DEC,
Caol Uno,Gleison Tibau,3/31/2010,KO/TKO,Punches
Yushin Okami,Lucio Linhares,3/31/2010,KO/TKO,
Gerald Harris,Mario Miranda,3/31/2010,KO/TKO,Punches
Charlie Brenneman,Jason High,3/31/2010,U-DEC,
Georges St-Pierre,Dan Hardy,3/27/2010,U-DEC,
Frank Mir,Shane Carwin,3/27/2010,KO/TKO,Punches
Kurt Pellegrino,Fabricio Camoes,3/27/2010,SUB,Rear Naked Choke
Ben Saunders,Jon Fitch,3/27/2010,U-DEC,
Jim Miller,Mark Bocek,3/27/2010,U-DEC,
Nate Diaz,Rory Markham,3/27/2010,KO/TKO,Punches
Ricardo Almeida,Matt Brown,3/27/2010,SUB,Rear Naked Choke
Rousimar Palhares,Tomasz Drwal,3/27/2010,SUB,Heel Hook
Rodney Wallace,Jared Hamman,3/27/2010,U-DEC,
Matthew Riddle,Greg Soto,3/27/2010,DQ,
Brandon Vera,Jon Jones,3/21/2010,KO/TKO,Elbow
Junior Dos Santos,Gabriel Gonzaga,3/21/2010,KO/TKO,Punches
Cheick Kongo,Paul Buentello,3/21/2010,KO/TKO,Elbows
Alessio Sakara,James Irvin,3/21/2010,KO/TKO,
Clay Guida,Shannon Gugerty,3/21/2010,SUB,Arm Triangle
Eliot Marshall,Vladimir Matyushenko,3/21/2010,S-DEC,
Duane Ludwig,Darren Elkins,3/21/2010,KO/TKO,
John Howard,Daniel Roberts,3/21/2010,KO/TKO,Punch
Brendan Schaub,Chase Gormley,3/21/2010,KO/TKO,Punches
Mike Pierce,Julio Paulino,3/21/2010,U-DEC,
Eric Schafer,Jason Brilz,3/21/2010,U-DEC,
